time (s)	magNum	magX	magY	magZ
2546.609541	0.000000	-292.382812	490.234375	486.523437	1.000000	246.289062	-681.542969	735.742187	2.000000	38.281250	284.863281	7.128906	3.000000	-237.988281	82.324219	0.390625
2546.629130	0.000000	-498.437500	374.804687	996.093750	1.000000	215.527344	-677.539062	593.847656	2.000000	47.851562	324.511719	36.621094	3.000000	-250.781250	70.410156	6.250000
2546.649523	0.000000	-498.437500	374.804687	996.093750	1.000000	185.937500	-651.660156	460.351562	2.000000	61.523437	369.433594	75.585937	3.000000	-262.500000	55.957031	11.523437
2546.669141	0.000000	-577.050781	144.433594	1218.652344	1.000000	160.644531	-612.304687	349.121094	2.000000	77.734375	416.308594	123.730469	3.000000	-272.558594	40.527344	16.210937
2546.689517	0.000000	-595.117187	-10.644531	1280.175781	1.000000	137.695312	-562.988281	252.343750	2.000000	99.902344	465.820312	186.621094	3.000000	-279.003906	23.242187	19.531250
2546.707582	0.000000	-595.117187	-10.644531	1280.175781	1.000000	119.824219	-516.113281	181.445312	2.000000	125.000000	509.375000	255.468750	3.000000	-282.128906	7.226562	21.777344
2546.727089	0.000000	-576.171875	-312.597656	1262.695312	1.000000	104.199219	-465.234375	119.726562	2.000000	158.203125	551.367187	343.847656	3.000000	-283.105469	-10.546875	22.851562
2546.745468	0.000000	-576.171875	-312.597656	1262.695312	1.000000	91.503906	-419.140625	73.437500	2.000000	195.703125	582.324219	440.332031	3.000000	-280.468750	-26.660156	22.851562
2546.764971	0.000000	-494.238281	-553.808594	1087.695312	1.000000	80.566406	-373.730469	35.351562	2.000000	243.261719	600.781250	553.710937	3.000000	-275.097656	-42.968750	21.582031
2546.785537	0.000000	-494.238281	-553.808594	1087.695312	1.000000	71.386719	-330.957031	5.273437	2.000000	299.804687	598.339844	682.128906	3.000000	-266.015625	-58.105469	18.261719
2546.805058	0.000000	-374.609375	-679.882812	818.066406	1.000000	64.160156	-294.921875	-16.796875	2.000000	358.105469	570.703125	804.589844	3.000000	-254.492187	-70.898437	14.648437
2546.823444	0.000000	-374.609375	-679.882812	818.066406	1.000000	58.886719	-264.746094	-32.031250	2.000000	414.453125	519.921875	912.695312	3.000000	-242.675781	-80.664062	9.863281
2546.842962	0.000000	-266.308594	-690.625000	568.261719	1.000000	53.710937	-236.914062	-44.335937	2.000000	472.460937	440.234375	1010.937500	3.000000	-228.515625	-88.769531	4.687500
2546.863523	0.000000	-266.308594	-690.625000	568.261719	1.000000	49.609375	-211.621094	-53.222656	2.000000	527.539062	332.812500	1084.667969	3.000000	-212.695312	-95.605469	-1.074219
2546.883061	0.000000	-174.511719	-634.570312	358.105469	1.000000	46.875000	-191.113281	-60.058594	2.000000	569.921875	216.308594	1120.800781	3.000000	-197.558594	-99.707031	-6.738281
2546.901456	0.000000	-174.511719	-634.570312	358.105469	1.000000	44.531250	-174.121094	-65.039062	2.000000	598.632812	102.929687	1122.949219	3.000000	-183.300781	-102.246094	-11.718750
2546.920956	0.000000	-113.964844	-558.984375	217.187500	1.000000	42.871094	-158.984375	-68.359375	2.000000	617.578125	-12.890625	1095.312500	3.000000	-169.042969	-103.417969	-16.894531
2546.941498	0.000000	-113.964844	-558.984375	217.187500	1.000000	40.820312	-145.117187	-70.996094	2.000000	623.046875	-123.242187	1039.355469	3.000000	-154.882812	-103.125000	-21.875000
2546.961076	0.000000	-70.996094	-479.980469	117.382812	1.000000	39.550781	-133.886719	-72.558594	2.000000	617.578125	-211.328125	968.164062	3.000000	-142.187500	-102.148437	-27.246094
2546.979445	0.000000	-70.996094	-479.980469	117.382812	1.000000	38.769531	-124.902344	-73.535156	2.000000	604.003906	-277.539062	891.015625	3.000000	-132.031250	-100.195312	-30.859375
2546.998947	0.000000	-44.433594	-416.503906	55.859375	1.000000	37.695312	-116.894531	-74.218750	2.000000	584.570312	-330.566406	805.468750	3.000000	-121.875000	-98.828125	-34.667969
2547.019519	0.000000	-44.433594	-416.503906	55.859375	1.000000	37.500000	-109.277344	-75.000000	2.000000	560.253906	-368.945312	717.382812	3.000000	-112.011719	-96.679687	-37.792969
2547.039021	0.000000	-24.218750	-362.890625	14.160156	1.000000	37.109375	-103.417969	-75.195312	2.000000	534.863281	-391.210937	638.769531	3.000000	-103.906250	-94.531250	-40.527344
2547.057387	0.000000	-24.218750	-362.890625	14.160156	1.000000	36.425781	-98.535156	-75.585937	2.000000	511.230469	-403.417969	571.484375	3.000000	-96.875000	-92.675781	-42.480469
2547.076976	0.000000	-12.500000	-324.707031	-10.742187	1.000000	36.035156	-94.042969	-75.488281	2.000000	487.207031	-408.789062	508.007812	3.000000	-90.917969	-90.820312	-44.921875
2547.097595	0.000000	-7.714844	-308.691406	-20.800781	1.000000	35.742187	-90.625000	-75.292969	2.000000	464.062500	-407.617187	450.292969	3.000000	-84.472656	-89.160156	-46.777344
2547.117078	0.000000	-3.613281	-295.507812	-27.636719	1.000000	35.742187	-87.207031	-75.585937	2.000000	444.921875	-402.734375	403.515625	3.000000	-80.078125	-88.085937	-47.753906
2547.135460	0.000000	-3.613281	-295.507812	-27.636719	1.000000	35.351562	-84.863281	-75.488281	2.000000	429.296875	-395.410156	365.625000	3.000000	-76.855469	-87.890625	-48.437500
2547.154977	0.000000	4.003906	-277.148437	-37.500000	1.000000	35.644531	-82.812500	-75.292969	2.000000	415.625000	-385.839844	331.542969	3.000000	-74.316406	-87.792969	-49.023437
2547.175582	0.000000	4.003906	-277.148437	-37.500000	1.000000	35.546875	-80.859375	-75.097656	2.000000	404.199219	-375.488281	302.050781	3.000000	-71.582031	-88.281250	-48.828125
2547.195079	0.000000	9.570312	-265.332031	-42.382812	1.000000	35.839844	-79.687500	-75.195312	2.000000	396.191406	-365.039062	279.492187	3.000000	-70.117187	-89.257812	-49.316406
2547.213466	0.000000	9.570312	-265.332031	-42.382812	1.000000	36.035156	-78.808594	-75.195312	2.000000	391.113281	-355.371094	262.402344	3.000000	-69.531250	-91.113281	-48.632812
2547.233040	0.000000	15.722656	-261.230469	-43.847656	1.000000	36.425781	-78.515625	-75.000000	2.000000	387.988281	-344.824219	248.828125	3.000000	-68.554687	-93.652344	-47.363281
2547.251435	0.000000	15.722656	-261.230469	-43.847656	1.000000	37.402344	-78.222656	-75.097656	2.000000	388.281250	-335.058594	238.867187	3.000000	-69.726562	-97.070312	-46.582031
2547.270974	0.000000	21.289062	-263.574219	-42.187500	1.000000	37.792969	-78.417969	-74.902344	2.000000	390.625000	-323.925781	231.542969	3.000000	-70.996094	-101.562500	-44.824219
2547.291546	0.000000	21.289062	-263.574219	-42.187500	1.000000	38.378906	-78.710937	-75.000000	2.000000	395.312500	-312.109375	226.757812	3.000000	-72.070312	-106.542969	-42.089844
2547.311054	0.000000	29.394531	-272.363281	-36.328125	1.000000	39.257812	-79.199219	-75.000000	2.000000	402.148437	-300.390625	224.218750	3.000000	-74.707031	-112.695312	-39.062500
2547.329444	0.000000	29.394531	-272.363281	-36.328125	1.000000	39.941406	-80.273437	-75.292969	2.000000	410.156250	-288.476562	224.707031	3.000000	-78.320312	-119.628906	-35.546875
2547.349001	0.000000	38.281250	-288.574219	-26.562500	1.000000	41.015625	-81.738281	-75.000000	2.000000	420.800781	-274.511719	227.246094	3.000000	-82.128906	-128.222656	-30.859375
2547.367382	0.000000	38.281250	-288.574219	-26.562500	1.000000	41.894531	-83.593750	-75.292969	2.000000	432.617187	-259.960937	230.859375	3.000000	-87.402344	-137.597656	-25.292969
2547.386899	0.000000	50.390625	-312.695312	-10.156250	1.000000	42.675781	-85.449219	-74.902344	2.000000	446.582031	-241.992187	236.132812	3.000000	-94.238281	-148.925781	-18.261719
2547.407472	0.000000	50.390625	-312.695312	-10.156250	1.000000	45.312500	-88.085937	-74.902344	2.000000	461.914062	-220.410156	242.773437	3.000000	-103.125000	-162.304687	-8.886719
2547.426979	0.000000	68.554687	-347.851562	16.796875	1.000000	46.972656	-91.601562	-74.902344	2.000000	476.660156	-196.582031	249.121094	3.000000	-112.792969	-177.441406	1.171875
2547.447573	0.000000	80.761719	-370.312500	35.839844	1.000000	49.023437	-95.410156	-74.609375	2.000000	491.601562	-167.968750	255.371094	3.000000	-125.488281	-194.824219	15.039062
2547.467045	0.000000	94.824219	-394.726562	58.593750	1.000000	51.660156	-100.097656	-74.218750	2.000000	504.394531	-136.816406	261.132812	3.000000	-140.625000	-212.695312	31.445312
2547.485448	0.000000	94.824219	-394.726562	58.593750	1.000000	54.492187	-104.589844	-73.925781	2.000000	514.453125	-104.101562	264.843750	3.000000	-158.203125	-231.250000	49.707031
2547.505012	0.000000	131.152344	-450.292969	120.214844	1.000000	57.519531	-110.546875	-72.851562	2.000000	522.167969	-66.015625	266.406250	3.000000	-179.980469	-252.441406	73.046875
2547.523409	0.000000	131.152344	-450.292969	120.214844	1.000000	61.816406	-116.503906	-72.070312	2.000000	525.585937	-27.832031	265.332031	3.000000	-204.394531	-272.656250	99.218750
2547.542990	0.000000	181.835937	-512.792969	211.230469	1.000000	67.285156	-124.121094	-70.214844	2.000000	523.535156	14.062500	260.156250	3.000000	-234.667969	-293.847656	132.226562
2547.561496	0.000000	181.835937	-512.792969	211.230469	1.000000	73.046875	-132.128906	-68.066406	2.000000	515.820312	54.003906	251.269531	3.000000	-267.675781	-312.207031	168.359375
2547.581134	0.000000	253.710937	-573.242187	343.359375	1.000000	79.882812	-141.699219	-65.136719	2.000000	502.148437	94.531250	237.890625	3.000000	-307.324219	-328.808594	212.011719
2547.601527	0.000000	253.710937	-573.242187	343.359375	1.000000	88.867187	-152.929687	-61.230469	2.000000	480.859375	133.398437	219.335937	3.000000	-355.371094	-339.257812	263.671875
2547.621134	0.000000	352.148437	-610.351562	537.109375	1.000000	100.195312	-165.039062	-56.054687	2.000000	454.687500	166.601562	197.851562	3.000000	-405.761719	-340.332031	317.968750
2547.641520	0.000000	409.179687	-606.152344	655.664062	1.000000	112.597656	-178.906250	-48.828125	2.000000	422.851562	194.824219	172.558594	3.000000	-460.546875	-328.222656	375.390625
2547.659555	0.000000	409.179687	-606.152344	655.664062	1.000000	125.878906	-192.675781	-41.015625	2.000000	391.308594	213.085937	149.121094	3.000000	-509.570312	-304.687500	425.390625
2547.681512	0.000000	520.410156	-522.167969	905.566406	1.000000	145.800781	-210.351562	-29.296875	2.000000	350.781250	227.636719	119.531250	3.000000	-565.234375	-258.203125	480.468750
2547.699568	0.000000	520.410156	-522.167969	905.566406	1.000000	164.550781	-225.390625	-16.796875	2.000000	316.796875	233.203125	95.214844	3.000000	-604.296875	-205.566406	516.015625
2547.721526	0.000000	520.410156	-522.167969	905.566406	1.000000	191.308594	-244.140625	2.148437	2.000000	275.976562	233.203125	66.699219	3.000000	-639.550781	-126.562500	543.457031
2547.741094	0.000000	615.625000	-177.929687	1178.808594	1.000000	219.531250	-260.449219	23.535156	2.000000	240.917969	228.222656	43.750000	3.000000	-655.761719	-47.558594	549.707031
2547.759580	0.000000	615.625000	-177.929687	1178.808594	1.000000	249.316406	-274.804687	46.972656	2.000000	211.035156	220.019531	23.925781	3.000000	-656.640625	28.417969	537.792969
2547.781461	0.000000	615.625000	-177.929687	1178.808594	1.000000	289.453125	-289.550781	80.957031	2.000000	178.906250	206.933594	3.808594	3.000000	-638.769531	111.816406	504.492187
2547.800987	0.000000	544.335937	263.769531	1121.679687	1.000000	328.320312	-298.437500	116.210937	2.000000	153.515625	193.652344	-11.816406	3.000000	-608.691406	175.488281	461.035156
2547.821570	0.000000	487.207031	378.125000	1026.171875	1.000000	372.558594	-301.660156	158.203125	2.000000	130.371094	178.515625	-25.488281	3.000000	-566.406250	227.539062	406.054687
2547.841048	0.000000	426.855469	456.445312	916.210937	1.000000	415.136719	-298.046875	202.246094	2.000000	111.621094	164.453125	-36.230469	3.000000	-519.238281	262.500000	350.195312
2547.859435	0.000000	426.855469	456.445312	916.210937	1.000000	456.054687	-287.109375	246.679687	2.000000	96.289062	150.878906	-45.117187	3.000000	-472.363281	282.421875	297.949219
2547.878991	0.000000	308.691406	527.929687	686.132812	1.000000	497.558594	-266.406250	295.898437	2.000000	82.128906	137.402344	-52.343750	3.000000	-422.265625	292.187500	244.433594
2547.899550	0.000000	308.691406	527.929687	686.132812	1.000000	537.207031	-235.058594	347.656250	2.000000	70.019531	123.828125	-58.496094	3.000000	-372.167969	292.382812	193.066406
2547.919049	0.000000	203.320312	517.578125	470.996094	1.000000	569.335937	-195.996094	395.410156	2.000000	60.156250	112.500000	-63.476562	3.000000	-328.906250	285.351562	150.195312
2547.937410	0.000000	203.320312	517.578125	470.996094	1.000000	593.457031	-152.441406	436.035156	2.000000	52.148437	102.539062	-66.894531	3.000000	-291.992187	275.000000	115.527344
2547.956936	0.000000	129.394531	466.210937	312.890625	1.000000	610.839844	-100.097656	474.023437	2.000000	45.214844	92.871094	-70.117187	3.000000	-257.226562	261.425781	83.984375
2547.977485	0.000000	129.394531	466.210937	312.890625	1.000000	620.507812	-40.917969	506.054687	2.000000	39.160156	83.496094	-72.363281	3.000000	-225.683594	245.605469	56.542969
2547.997011	0.000000	77.148437	399.804687	193.554687	1.000000	620.996094	16.601562	529.199219	2.000000	34.375000	75.976562	-74.414062	3.000000	-199.414062	230.957031	35.156250
2548.015424	0.000000	77.148437	399.804687	193.554687	1.000000	615.039062	69.335937	545.117187	2.000000	30.468750	69.824219	-75.390625	3.000000	-179.101562	216.992187	18.164062
2548.034974	0.000000	44.531250	341.406250	116.796875	1.000000	602.832031	122.460937	555.371094	2.000000	26.953125	63.964844	-76.367187	3.000000	-160.156250	203.027344	3.613281
2548.055541	0.000000	31.542969	313.183594	86.230469	1.000000	584.375000	174.218750	560.351562	2.000000	23.828125	58.593750	-76.953125	3.000000	-143.652344	189.648437	-8.789062
2548.075032	0.000000	21.386719	289.843750	62.597656	1.000000	563.574219	218.457031	560.449219	2.000000	21.582031	54.199219	-77.832031	3.000000	-130.273437	178.125000	-18.652344
2548.093435	0.000000	21.386719	289.843750	62.597656	1.000000	541.699219	254.589844	556.933594	2.000000	19.726562	50.585937	-78.125000	3.000000	-119.824219	168.554687	-26.074219
2548.112945	0.000000	7.128906	251.464844	28.710937	1.000000	518.945312	287.792969	552.539062	2.000000	18.164062	46.972656	-78.417969	3.000000	-110.156250	159.472656	-32.617187
2548.133483	0.000000	7.128906	251.464844	28.710937	1.000000	494.238281	317.871094	546.972656	2.000000	16.503906	44.433594	-78.515625	3.000000	-102.148437	150.878906	-37.792969
2548.153031	0.000000	-3.125000	222.265625	5.468750	1.000000	472.265625	342.382812	543.652344	2.000000	15.332031	42.187500	-78.613281	3.000000	-95.898437	144.433594	-42.089844
2548.171420	0.000000	-3.125000	222.265625	5.468750	1.000000	452.734375	361.914062	541.796875	2.000000	14.160156	40.722656	-78.808594	3.000000	-90.917969	138.378906	-45.214844
2548.190952	0.000000	-11.132812	203.222656	-8.203125	1.000000	434.179687	379.980469	541.894531	2.000000	12.988281	39.648437	-79.101562	3.000000	-86.816406	133.300781	-47.753906
2548.211539	0.000000	-11.132812	203.222656	-8.203125	1.000000	416.308594	396.777344	545.800781	2.000000	12.597656	38.476562	-78.417969	3.000000	-83.300781	128.417969	-50.195312
2548.231048	0.000000	-18.457031	191.796875	-16.308594	1.000000	401.367187	410.449219	553.027344	2.000000	11.718750	38.183594	-79.003906	3.000000	-80.761719	124.609375	-51.562500
2548.249462	0.000000	-18.457031	191.796875	-16.308594	1.000000	390.722656	421.484375	564.355469	2.000000	11.132812	37.988281	-79.199219	3.000000	-79.687500	121.875000	-52.734375
2548.268980	0.000000	-24.121094	187.695312	-18.945312	1.000000	381.835937	432.128906	581.250000	2.000000	10.449219	38.574219	-78.808594	3.000000	-79.199219	119.531250	-54.101562
2548.289573	0.000000	-24.121094	187.695312	-18.945312	1.000000	374.414062	441.894531	605.371094	2.000000	9.765625	39.160156	-79.101562	3.000000	-78.808594	117.382812	-54.296875
2548.311450	0.000000	-24.121094	187.695312	-18.945312	1.000000	369.433594	450.683594	638.476562	2.000000	9.472656	40.722656	-78.808594	3.000000	-79.199219	115.917969	-54.687500
2548.330975	0.000000	-36.035156	196.093750	-13.574219	1.000000	367.871094	456.542969	675.585937	2.000000	9.960937	42.382812	-79.003906	3.000000	-80.664062	114.746094	-54.882812
2548.351552	0.000000	-36.035156	196.093750	-13.574219	1.000000	367.968750	459.277344	721.777344	2.000000	9.375000	44.824219	-79.199219	3.000000	-81.347656	114.062500	-54.980469
2548.371038	0.000000	-46.679687	211.816406	-3.320312	1.000000	370.507812	458.105469	773.730469	2.000000	9.375000	47.656250	-78.613281	3.000000	-84.082031	113.867187	-54.003906
2548.389426	0.000000	-46.679687	211.816406	-3.320312	1.000000	374.609375	451.269531	830.761719	2.000000	9.570312	51.074219	-78.808594	3.000000	-87.304687	114.062500	-53.222656
2548.408938	0.000000	-59.179687	234.179687	13.769531	1.000000	380.371094	437.207031	898.339844	2.000000	9.472656	55.175781	-78.515625	3.000000	-91.503906	114.550781	-52.246094
2548.429538	0.000000	-59.179687	234.179687	13.769531	1.000000	387.792969	411.816406	976.660156	2.000000	9.082031	60.351562	-77.929687	3.000000	-96.875000	114.843750	-50.488281
2548.449118	0.000000	-77.343750	267.968750	42.773437	1.000000	395.214844	376.074219	1056.445312	2.000000	9.472656	66.308594	-77.539062	3.000000	-102.050781	115.429687	-49.023437
2548.467491	0.000000	-77.343750	267.968750	42.773437	1.000000	401.660156	329.199219	1132.812500	2.000000	9.570312	72.363281	-76.953125	3.000000	-108.007812	116.308594	-46.875000
2548.487012	0.000000	-100.097656	309.375000	83.593750	1.000000	408.203125	262.988281	1212.011719	2.000000	9.765625	80.664062	-75.976562	3.000000	-115.820312	116.894531	-44.531250
2548.505391	0.000000	-100.097656	309.375000	83.593750	1.000000	413.085937	183.496094	1279.199219	2.000000	10.156250	89.160156	-74.316406	3.000000	-123.730469	117.480469	-42.187500
2548.524913	0.000000	-132.812500	360.644531	147.558594	1.000000	414.843750	82.812500	1335.937500	2.000000	11.328125	100.195312	-72.460937	3.000000	-132.910156	117.578125	-38.671875
2548.545500	0.000000	-132.812500	360.644531	147.558594	1.000000	412.890625	-40.429687	1370.117187	2.000000	12.109375	113.476562	-69.140625	3.000000	-144.628906	117.285156	-34.667969
2548.563548	0.000000	-179.785156	418.261719	244.824219	1.000000	405.566406	-156.152344	1372.656250	2.000000	13.574219	126.953125	-65.820312	3.000000	-154.980469	116.503906	-30.664062
2548.582803	0.000000	-209.863281	446.386719	308.886719	1.000000	393.066406	-282.128906	1343.652344	2.000000	15.332031	143.359375	-61.035156	3.000000	-166.894531	114.746094	-26.367187
2548.603527	0.000000	-209.863281	446.386719	308.886719	1.000000	372.851562	-411.132812	1273.632812	2.000000	17.675781	164.550781	-53.906250	3.000000	-180.175781	111.816406	-21.093750
2548.623126	0.000000	-209.863281	446.386719	308.886719	1.000000	348.828125	-517.187500	1172.460937	2.000000	20.996094	187.597656	-44.335937	3.000000	-194.335937	107.421875	-15.332031
2548.641564	0.000000	-209.863281	446.386719	308.886719	1.000000	321.875000	-595.507812	1053.613281	2.000000	24.804687	212.402344	-32.714844	3.000000	-208.007812	102.148437	-9.375000
2548.663489	0.000000	-209.863281	446.386719	308.886719	1.000000	287.500000	-656.250000	894.335937	2.000000	31.152344	246.289062	-14.257812	3.000000	-224.902344	92.968750	-2.539062
2548.683115	0.000000	-438.574219	448.339844	858.105469	1.000000	255.468750	-679.980469	747.460937	2.000000	38.964844	280.859375	7.226562	3.000000	-239.160156	83.300781	3.417969
2548.703490	0.000000	-490.234375	381.445312	995.996094	1.000000	222.656250	-677.734375	600.097656	2.000000	49.023437	321.289062	36.132812	3.000000	-252.832031	71.093750	9.863281
2548.721532	0.000000	-490.234375	381.445312	995.996094	1.000000	195.507812	-657.226562	481.054687	2.000000	60.449219	360.156250	69.433594	3.000000	-263.574219	58.398437	14.355469
2548.743506	0.000000	-490.234375	381.445312	995.996094	1.000000	165.527344	-614.843750	353.710937	2.000000	78.613281	411.523437	122.070312	3.000000	-274.023437	40.820312	19.824219
2548.763132	0.000000	-490.234375	381.445312	995.996094	1.000000	141.699219	-567.773437	258.789062	2.000000	100.000000	459.472656	182.128906	3.000000	-281.054687	23.632812	23.046875
2548.781606	0.000000	-490.234375	381.445312	995.996094	1.000000	123.535156	-519.921875	185.058594	2.000000	124.804687	503.222656	250.292969	3.000000	-283.691406	7.421875	24.804687
2548.803436	0.000000	-490.234375	381.445312	995.996094	1.000000	105.078125	-463.281250	116.015625	2.000000	162.304687	549.609375	347.070312	3.000000	-285.058594	-12.792969	26.367187
2548.822968	0.000000	-532.324219	-456.445312	1195.312500	1.000000	92.187500	-414.550781	68.261719	2.000000	203.515625	581.250000	448.730469	3.000000	-282.324219	-29.980469	25.878906
2548.843542	0.000000	-532.324219	-456.445312	1195.312500	1.000000	80.859375	-367.382812	29.785156	2.000000	254.687500	598.144531	568.652344	3.000000	-276.171875	-46.972656	23.828125
2548.863055	0.000000	-423.828125	-644.628906	948.730469	1.000000	71.972656	-327.246094	1.855469	2.000000	309.179687	593.457031	690.332031	3.000000	-266.796875	-61.523437	20.507812
2548.881434	0.000000	-423.828125	-644.628906	948.730469	1.000000	64.550781	-293.359375	-18.750000	2.000000	364.550781	565.722656	804.785156	3.000000	-255.664062	-73.242187	16.601562
2548.900928	0.000000	-310.742187	-700.878906	684.765625	1.000000	58.593750	-261.816406	-34.765625	2.000000	424.609375	510.253906	916.992187	3.000000	-242.480469	-83.789062	11.230469
2548.921508	0.000000	-310.742187	-700.878906	684.765625	1.000000	54.101562	-232.617187	-47.167969	2.000000	485.449219	424.218750	1015.136719	3.000000	-227.246094	-92.675781	5.664062
2548.941021	0.000000	-207.812500	-668.652344	446.289062	1.000000	50.683594	-209.082031	-55.664062	2.000000	536.914062	321.386719	1079.492187	3.000000	-212.304687	-98.242187	0.097656
2548.959412	0.000000	-207.812500	-668.652344	446.289062	1.000000	47.265625	-189.746094	-61.425781	2.000000	576.367187	212.304687	1111.328125	3.000000	-197.460937	-102.148437	-5.761719
2548.978943	0.000000	-136.328125	-598.535156	277.832031	1.000000	44.824219	-172.167969	-65.917969	2.000000	605.859375	92.089844	1112.695312	3.000000	-182.421875	-104.687500	-11.132812
2548.999502	0.000000	-136.328125	-598.535156	277.832031	1.000000	42.871094	-156.250000	-69.433594	2.000000	623.144531	-28.906250	1080.859375	3.000000	-167.578125	-105.468750	-17.285156
2549.019041	0.000000	-85.058594	-516.015625	155.468750	1.000000	41.210937	-143.457031	-71.972656	2.000000	626.562500	-131.054687	1025.292969	3.000000	-153.613281	-105.078125	-22.363281
2549.037436	0.000000	-85.058594	-516.015625	155.468750	1.000000	39.648437	-132.910156	-73.339844	2.000000	620.605469	-212.207031	957.226562	3.000000	-142.089844	-103.906250	-27.148437
2549.056945	0.000000	-54.003906	-446.289062	80.664062	1.000000	38.769531	-123.339844	-74.414062	2.000000	606.250000	-280.761719	875.488281	3.000000	-130.371094	-102.148437	-31.054687
2549.077531	0.000000	-54.003906	-446.289062	80.664062	1.000000	37.792969	-115.039062	-75.195312	2.000000	584.277344	-334.179687	786.230469	3.000000	-120.214844	-100.097656	-34.960937
2549.097022	0.000000	-30.468750	-385.839844	29.003906	1.000000	37.402344	-107.910156	-75.781250	2.000000	560.156250	-369.042969	703.613281	3.000000	-110.449219	-97.558594	-38.183594
2549.115420	0.000000	-30.468750	-385.839844	29.003906	1.000000	37.011719	-102.636719	-75.878906	2.000000	535.839844	-390.136719	630.273437	3.000000	-102.343750	-95.507812	-40.820312
2549.134948	0.000000	-17.382812	-341.894531	-2.246094	1.000000	36.914062	-97.558594	-76.074219	2.000000	510.253906	-402.734375	560.156250	3.000000	-95.507812	-93.652344	-43.457031
2549.155548	0.000000	-17.382812	-341.894531	-2.246094	1.000000	35.839844	-93.261719	-76.269531	2.000000	484.960937	-407.519531	494.824219	3.000000	-89.746094	-91.503906	-45.117187
2549.175091	0.000000	-6.054687	-307.421875	-22.851562	1.000000	35.742187	-89.355469	-76.074219	2.000000	463.281250	-405.468750	441.210937	3.000000	-84.375000	-89.843750	-47.070312
2549.193464	0.000000	-6.054687	-307.421875	-22.851562	1.000000	35.449219	-86.718750	-75.878906	2.000000	445.312500	-400.585937	397.753906	3.000000	-80.566406	-89.160156	-48.242187
2549.212990	0.000000	0.976562	-284.863281	-35.058594	1.000000	35.644531	-84.179687	-75.488281	2.000000	428.515625	-392.871094	357.617187	3.000000	-76.367187	-88.378906	-49.121094
2549.233604	0.000000	0.976562	-284.863281	-35.058594	1.000000	35.742187	-82.031250	-75.878906	2.000000	413.769531	-383.203125	322.265625	3.000000	-73.046875	-88.574219	-50.292969
2549.255491	0.000000	0.976562	-284.863281	-35.058594	1.000000	35.644531	-80.175781	-75.488281	2.000000	401.855469	-372.167969	292.675781	3.000000	-69.921875	-89.062500	-50.000000
2549.275069	0.000000	11.132812	-263.964844	-45.019531	1.000000	36.035156	-78.906250	-75.488281	2.000000	394.335937	-361.621094	271.679687	3.000000	-68.750000	-90.332031	-49.609375
2549.293472	0.000000	11.132812	-263.964844	-45.019531	1.000000	36.718750	-78.417969	-75.488281	2.000000	389.746094	-351.757812	255.664062	3.000000	-67.871094	-92.285156	-49.218750
2549.313014	0.000000	16.308594	-260.546875	-45.800781	1.000000	37.109375	-77.734375	-75.585937	2.000000	387.890625	-341.406250	242.578125	3.000000	-67.480469	-95.117187	-48.339844
2549.331446	0.000000	16.308594	-260.546875	-45.800781	1.000000	37.597656	-77.636719	-75.292969	2.000000	387.695312	-331.250000	233.105469	3.000000	-68.164062	-98.242187	-47.167969
2549.350968	0.000000	22.753906	-263.574219	-44.042969	1.000000	37.597656	-77.832031	-75.488281	2.000000	389.941406	-320.507812	225.781250	3.000000	-69.628906	-102.636719	-45.019531
2549.371543	0.000000	22.753906	-263.574219	-44.042969	1.000000	38.769531	-78.417969	-75.390625	2.000000	395.117187	-308.886719	221.289062	3.000000	-71.484375	-108.496094	-42.578125
2549.391084	0.000000	30.566406	-273.339844	-37.597656	1.000000	38.867187	-78.808594	-75.878906	2.000000	402.246094	-296.777344	220.312500	3.000000	-74.218750	-114.550781	-39.257812
2549.409474	0.000000	30.566406	-273.339844	-37.597656	1.000000	40.234375	-79.882812	-75.585937	2.000000	411.132812	-284.863281	221.484375	3.000000	-78.027344	-121.875000	-35.546875
2549.429004	0.000000	39.941406	-290.136719	-26.757812	1.000000	40.722656	-81.542969	-75.390625	2.000000	422.070312	-270.996094	224.218750	3.000000	-82.128906	-130.664062	-30.468750
2549.447395	0.000000	39.941406	-290.136719	-26.757812	1.000000	41.796875	-83.300781	-75.390625	2.000000	434.082031	-255.859375	227.929687	3.000000	-87.402344	-140.136719	-25.000000
2549.466930	0.000000	52.050781	-314.941406	-10.351562	1.000000	43.261719	-85.253906	-75.683594	2.000000	447.753906	-238.281250	233.300781	3.000000	-93.847656	-152.148437	-17.285156
2549.487525	0.000000	52.050781	-314.941406	-10.351562	1.000000	44.824219	-88.476562	-75.878906	2.000000	462.792969	-215.820312	239.355469	3.000000	-103.320312	-166.210937	-8.593750
2549.507060	0.000000	70.996094	-351.171875	17.578125	1.000000	46.777344	-91.699219	-75.488281	2.000000	477.539062	-191.796875	246.093750	3.000000	-114.257812	-181.542969	3.222656
2549.525469	0.000000	70.996094	-351.171875	17.578125	1.000000	48.828125	-94.921875	-75.292969	2.000000	490.722656	-165.332031	252.050781	3.000000	-126.171875	-197.363281	15.917969
2549.544982	0.000000	96.875000	-396.386719	58.398437	1.000000	51.171875	-99.511719	-74.511719	2.000000	503.710937	-134.082031	258.105469	3.000000	-141.015625	-216.113281	32.519531
2549.565571	0.000000	96.875000	-396.386719	58.398437	1.000000	54.394531	-105.273437	-74.218750	2.000000	514.355469	-97.949219	262.011719	3.000000	-160.449219	-237.207031	53.417969
2549.585088	0.000000	136.328125	-455.566406	124.511719	1.000000	58.007812	-111.035156	-73.242187	2.000000	521.093750	-59.765625	262.890625	3.000000	-182.128906	-258.300781	77.636719
2549.603480	0.000000	136.328125	-455.566406	124.511719	1.000000	62.695312	-117.089844	-72.363281	2.000000	523.437500	-21.875000	261.132812	3.000000	-207.617187	-278.808594	104.492187
2549.623069	0.000000	189.453125	-518.359375	218.652344	1.000000	67.871094	-124.707031	-70.800781	2.000000	520.507812	19.921875	255.175781	3.000000	-239.355469	-300.292969	138.964844
2549.641582	0.000000	222.656250	-548.730469	279.003906	1.000000	73.535156	-133.203125	-68.750000	2.000000	511.914062	59.765625	245.605469	3.000000	-273.437500	-318.652344	176.757812
2549.660795	0.000000	262.597656	-577.148437	353.906250	1.000000	81.054687	-142.773437	-65.136719	2.000000	497.851562	98.828125	231.835937	3.000000	-313.671875	-333.886719	221.679687
2549.679563	0.000000	262.597656	-577.148437	353.906250	1.000000	89.648437	-153.320312	-61.816406	2.000000	477.832031	134.179687	215.429687	3.000000	-358.203125	-342.382812	269.335937
2549.701523	0.000000	262.597656	-577.148437	353.906250	1.000000	101.757812	-167.089844	-56.152344	2.000000	448.046875	169.921875	191.992187	3.000000	-414.550781	-342.089844	329.980469
2549.721129	0.000000	419.531250	-603.710937	669.628906	1.000000	114.062500	-180.761719	-49.218750	2.000000	416.796875	195.312500	167.773437	3.000000	-467.382812	-328.320312	386.132812
2549.741500	0.000000	419.531250	-603.710937	669.628906	1.000000	129.492187	-196.191406	-40.332031	2.000000	381.054687	214.746094	140.625000	3.000000	-522.167969	-298.632812	442.480469
2549.759547	0.000000	419.531250	-603.710937	669.628906	1.000000	146.679687	-210.644531	-29.687500	2.000000	347.753906	225.878906	116.406250	3.000000	-567.871094	-257.519531	487.792969
2549.781522	0.000000	576.269531	-416.601562	1035.156250	1.000000	170.214844	-229.296875	-13.867187	2.000000	306.542969	231.445312	87.792969	3.000000	-614.062500	-190.136719	529.101562
2549.799580	0.000000	576.269531	-416.601562	1035.156250	1.000000	192.871094	-245.019531	2.050781	2.000000	273.535156	231.054687	65.039062	3.000000	-641.015625	-123.144531	549.511719
2549.821537	0.000000	576.269531	-416.601562	1035.156250	1.000000	224.316406	-263.476562	26.074219	2.000000	235.156250	225.000000	39.941406	3.000000	-656.933594	-34.277344	552.441406
2549.843489	0.000000	576.269531	-416.601562	1035.156250	1.000000	260.839844	-279.980469	55.761719	2.000000	200.781250	214.746094	17.968750	3.000000	-652.636719	54.785156	533.691406
2549.863025	0.000000	579.785156	162.011719	1167.578125	1.000000	297.363281	-291.699219	86.718750	2.000000	173.437500	202.734375	0.781250	3.000000	-632.617187	126.953125	499.707031
2549.881387	0.000000	579.785156	162.011719	1167.578125	1.000000	334.863281	-299.316406	120.800781	2.000000	150.292969	189.941406	-13.574219	3.000000	-602.441406	184.765625	457.031250
2549.900921	0.000000	483.398437	387.402344	1011.328125	1.000000	376.757812	-301.757812	161.523437	2.000000	128.613281	175.683594	-26.269531	3.000000	-560.644531	232.519531	403.515625
2549.921474	0.000000	483.398437	387.402344	1011.328125	1.000000	422.363281	-296.484375	208.203125	2.000000	109.179687	160.937500	-37.207031	3.000000	-510.644531	267.187500	344.238281
2549.940981	0.000000	357.714844	509.667969	776.953125	1.000000	465.429687	-283.300781	255.664062	2.000000	93.164062	146.972656	-45.898437	3.000000	-460.644531	285.839844	288.769531
2549.961559	0.000000	357.714844	509.667969	776.953125	1.000000	507.421875	-259.960937	307.519531	2.000000	79.003906	133.203125	-52.929687	3.000000	-409.179687	292.871094	233.203125
2549.981053	0.000000	242.089844	527.343750	548.632812	1.000000	544.335937	-227.929687	356.445312	2.000000	67.871094	121.191406	-58.691406	3.000000	-362.500000	291.113281	186.718750
2549.999428	0.000000	242.089844	527.343750	548.632812	1.000000	573.535156	-190.136719	400.000000	2.000000	59.082031	110.546875	-62.988281	3.000000	-322.460937	284.082031	147.070312
2550.018931	0.000000	157.714844	487.988281	371.972656	1.000000	597.363281	-142.089844	442.285156	2.000000	50.878906	100.000000	-66.406250	3.000000	-283.984375	272.558594	111.035156
2550.039496	0.000000	157.714844	487.988281	371.972656	1.000000	613.769531	-86.230469	480.664062	2.000000	43.847656	90.234375	-69.531250	3.000000	-248.730469	258.007812	79.882812
2550.059052	0.000000	95.507812	424.902344	236.035156	1.000000	621.191406	-29.980469	509.667969	2.000000	38.574219	82.031250	-71.386719	3.000000	-219.628906	243.261719	55.078125
2550.077397	0.000000	95.507812	424.902344	236.035156	1.000000	620.410156	23.144531	530.957031	2.000000	34.277344	75.195312	-73.046875	3.000000	-196.582031	229.199219	35.156250
2550.096892	0.000000	57.226562	363.964844	146.972656	1.000000	613.085937	78.515625	546.191406	2.000000	30.371094	68.554687	-74.609375	3.000000	-175.585937	214.648437	17.578125
2550.117458	0.000000	57.226562	363.964844	146.972656	1.000000	599.316406	133.691406	556.250000	2.000000	26.562500	62.792969	-75.390625	3.000000	-156.054687	200.195312	2.832031
2550.136987	0.000000	29.394531	308.105469	83.105469	1.000000	580.761719	181.640625	559.375000	2.000000	23.535156	57.714844	-76.171875	3.000000	-140.527344	187.890625	-8.984375
2550.157592	0.000000	29.394531	308.105469	83.105469	1.000000	558.300781	226.074219	558.984375	2.000000	21.386719	53.222656	-76.757812	3.000000	-127.539062	176.367187	-18.359375
2550.179424	0.000000	29.394531	308.105469	83.105469	1.000000	533.105469	266.796875	554.785156	2.000000	19.238281	49.414062	-77.148437	3.000000	-115.917969	165.234375	-26.757812
2550.198964	0.000000	5.468750	245.410156	25.683594	1.000000	510.644531	298.242187	550.585937	2.000000	17.285156	46.191406	-77.441406	3.000000	-107.226562	156.445312	-32.421875
2550.219552	0.000000	5.468750	245.410156	25.683594	1.000000	486.328125	326.464844	546.679687	2.000000	16.308594	43.652344	-77.734375	3.000000	-100.195312	148.730469	-37.695312
2550.239057	0.000000	-4.296875	218.554687	4.980469	1.000000	465.429687	349.316406	544.042969	2.000000	14.941406	41.699219	-77.929687	3.000000	-94.140625	142.187500	-41.796875
2550.257428	0.000000	-4.296875	218.554687	4.980469	1.000000	446.484375	367.480469	543.261719	2.000000	14.062500	40.625000	-78.027344	3.000000	-90.332031	136.718750	-44.531250
2550.276957	0.000000	-11.816406	201.562500	-7.617187	1.000000	429.101562	384.765625	545.703125	2.000000	13.476562	39.550781	-77.734375	3.000000	-86.328125	132.031250	-46.875000
2550.297549	0.000000	-11.816406	201.562500	-7.617187	1.000000	413.476562	400.195312	551.367187	2.000000	12.402344	38.867187	-77.734375	3.000000	-83.203125	127.832031	-48.925781
2550.317110	0.000000	-18.750000	192.089844	-13.867187	1.000000	401.269531	412.500000	561.328125	2.000000	11.816406	38.574219	-77.832031	3.000000	-81.445312	124.121094	-50.195312
2550.335523	0.000000	-21.777344	189.941406	-15.234375	1.000000	391.894531	423.339844	574.609375	2.000000	11.425781	38.574219	-77.734375	3.000000	-80.273437	121.777344	-51.464844
2550.355017	0.000000	-25.488281	189.941406	-15.820312	1.000000	383.691406	433.593750	594.628906	2.000000	10.742187	39.453125	-78.027344	3.000000	-79.687500	119.531250	-52.539062
2550.373400	0.000000	-25.488281	189.941406	-15.820312	1.000000	378.027344	441.894531	618.457031	2.000000	10.546875	40.429687	-77.832031	3.000000	-79.687500	117.675781	-52.832031
2550.392903	0.000000	-33.105469	194.628906	-12.792969	1.000000	374.316406	448.925781	650.390625	2.000000	10.253906	41.699219	-78.125000	3.000000	-80.371094	116.503906	-52.734375
2550.413467	0.000000	-33.105469	194.628906	-12.792969	1.000000	373.046875	453.710937	691.601562	2.000000	9.960937	43.750000	-77.929687	3.000000	-82.226562	115.722656	-52.929687
2550.433014	0.000000	-41.796875	207.031250	-4.296875	1.000000	374.218750	454.394531	737.695312	2.000000	9.472656	46.093750	-77.929687	3.000000	-84.082031	115.039062	-52.148437
2550.451415	0.000000	-41.796875	207.031250	-4.296875	1.000000	377.929687	451.660156	788.281250	2.000000	9.277344	48.925781	-77.636719	3.000000	-86.718750	115.136719	-51.855469
2550.470963	0.000000	-52.832031	226.367187	10.058594	1.000000	382.421875	442.968750	849.902344	2.000000	9.375000	52.636719	-77.441406	3.000000	-90.136719	115.136719	-50.683594
2550.491539	0.000000	-60.937500	240.917969	21.289062	1.000000	388.867187	425.683594	922.656250	2.000000	9.277344	57.226562	-77.441406	3.000000	-94.726562	115.527344	-49.316406
2550.511023	0.000000	-68.750000	256.835937	34.375000	1.000000	396.484375	398.339844	998.144531	2.000000	9.960937	62.304687	-76.660156	3.000000	-100.097656	116.015625	-48.144531
2550.529456	0.000000	-68.750000	256.835937	34.375000	1.000000	404.101562	360.546875	1073.339844	2.000000	9.667969	68.066406	-76.269531	3.000000	-104.589844	116.406250	-46.777344
2550.548953	0.000000	-89.648437	295.117187	71.191406	1.000000	410.839844	305.859375	1153.906250	2.000000	10.351562	74.902344	-75.390625	3.000000	-111.621094	117.480469	-44.042969
2550.569510	0.000000	-89.648437	295.117187	71.191406	1.000000	418.066406	229.980469	1233.789062	2.000000	10.351562	84.179687	-74.218750	3.000000	-120.117187	118.066406	-41.699219
2550.589087	0.000000	-120.117187	345.800781	130.078125	1.000000	422.363281	140.039062	1298.730469	2.000000	11.328125	93.652344	-72.167969	3.000000	-128.710937	118.652344	-38.378906
2550.607496	0.000000	-120.117187	345.800781	130.078125	1.000000	422.949219	40.332031	1344.140625	2.000000	12.109375	104.492187	-70.117187	3.000000	-137.890625	118.750000	-34.863281
2550.627040	0.000000	-160.644531	401.660156	214.355469	1.000000	418.945312	-78.906250	1367.968750	2.000000	13.281250	117.871094	-66.992187	3.000000	-148.730469	118.164062	-30.761719
2550.645582	0.000000	-186.621094	429.199219	269.628906	1.000000	409.960937	-199.218750	1361.035156	2.000000	14.843750	132.421875	-63.085937	3.000000	-160.351562	116.992187	-26.757812
2550.664791	0.000000	-217.187500	456.835937	338.183594	1.000000	395.703125	-323.925781	1320.410156	2.000000	16.992187	149.804687	-57.519531	3.000000	-172.656250	115.136719	-22.070312
2550.683533	0.000000	-217.187500	456.835937	338.183594	1.000000	376.171875	-437.109375	1247.363281	2.000000	19.335937	169.042969	-49.804687	3.000000	-185.253906	111.816406	-16.699219
2550.703132	0.000000	-293.945312	494.824219	516.308594	1.000000	350.976562	-537.402344	1140.722656	2.000000	22.753906	193.066406	-40.625000	3.000000	-200.097656	107.226562	-10.937500
2550.723523	0.000000	-342.187500	497.656250	633.105469	1.000000	319.921875	-615.820312	1005.761719	2.000000	27.832031	221.191406	-26.757812	3.000000	-214.648437	100.488281	-4.687500
2550.741586	0.000000	-342.187500	497.656250	633.105469	1.000000	291.210937	-659.570312	874.023437	2.000000	33.691406	249.414062	-11.132812	3.000000	-227.929687	93.164062	1.171875
2550.763536	0.000000	-342.187500	497.656250	633.105469	1.000000	253.515625	-681.250000	710.546875	2.000000	42.675781	288.671875	14.062500	3.000000	-244.042969	81.738281	8.105469
2550.783129	0.000000	-342.187500	497.656250	633.105469	1.000000	222.070312	-674.414062	571.191406	2.000000	53.320312	328.320312	43.945312	3.000000	-256.933594	68.847656	13.769531
2550.801582	0.000000	-342.187500	497.656250	633.105469	1.000000	194.140625	-649.902344	452.050781	2.000000	65.820312	369.140625	79.785156	3.000000	-267.871094	55.078125	18.750000
2550.823548	0.000000	-342.187500	497.656250	633.105469	1.000000	164.355469	-605.078125	329.199219	2.000000	85.351562	420.507812	134.082031	3.000000	-277.734375	37.207031	23.925781
2550.845502	0.000000	-584.179687	-48.046875	1307.617187	1.000000	138.476562	-551.269531	229.296875	2.000000	111.621094	473.144531	203.613281	3.000000	-285.058594	17.480469	27.832031
2550.864757	0.000000	-577.734375	-204.882812	1310.253906	1.000000	120.507812	-501.367187	158.691406	2.000000	140.332031	517.089844	278.320312	3.000000	-287.988281	0.488281	29.199219
2550.883469	0.000000	-577.734375	-204.882812	1310.253906	1.000000	105.078125	-452.734375	102.832031	2.000000	174.609375	554.199219	364.746094	3.000000	-287.695312	-16.992187	30.273437
2550.902973	0.000000	-516.015625	-483.789062	1184.375000	1.000000	91.601562	-404.882812	57.714844	2.000000	217.480469	583.105469	468.164062	3.000000	-283.300781	-34.667969	29.394531
2550.923520	0.000000	-462.402344	-591.308594	1061.621094	1.000000	80.371094	-358.105469	21.191406	2.000000	269.824219	596.093750	589.257812	3.000000	-275.781250	-51.660156	26.757812
2550.942998	0.000000	-405.468750	-658.984375	928.417969	1.000000	71.484375	-319.140625	-4.785156	2.000000	326.074219	586.425781	710.058594	3.000000	-265.917969	-65.820312	23.046875
2550.962535	0.000000	-346.777344	-695.605469	790.429687	1.000000	64.257812	-284.375000	-24.707031	2.000000	385.351562	551.562500	828.027344	3.000000	-254.199219	-78.417969	18.261719
2550.983511	0.000000	-346.777344	-695.605469	790.429687	1.000000	58.300781	-251.367187	-40.625000	2.000000	449.609375	483.691406	941.601562	3.000000	-239.550781	-88.964844	12.597656
2551.003058	0.000000	-234.667969	-691.113281	527.734375	1.000000	53.515625	-225.195312	-51.171875	2.000000	506.347656	395.703125	1026.171875	3.000000	-224.804687	-96.484375	7.031250
2551.021431	0.000000	-234.667969	-691.113281	527.734375	1.000000	50.195312	-203.515625	-58.691406	2.000000	552.441406	295.898437	1079.785156	3.000000	-210.156250	-101.562500	1.855469
2551.040938	0.000000	-154.394531	-630.371094	336.132812	1.000000	46.777344	-183.593750	-64.257812	2.000000	590.917969	179.199219	1105.175781	3.000000	-194.433594	-105.175781	-4.882812
2551.061539	0.000000	-122.753906	-588.183594	256.054687	1.000000	44.824219	-165.917969	-68.554687	2.000000	617.871094	54.687500	1096.484375	3.000000	-178.027344	-106.738281	-10.839844
2551.081012	0.000000	-96.679687	-547.558594	194.238281	1.000000	42.675781	-151.855469	-71.191406	2.000000	630.273437	-55.468750	1058.593750	3.000000	-163.769531	-107.226562	-16.796875
2551.099376	0.000000	-96.679687	-547.558594	194.238281	1.000000	41.015625	-140.039062	-73.437500	2.000000	630.761719	-147.753906	1002.734375	3.000000	-150.976562	-106.835937	-21.777344
2551.118927	0.000000	-61.230469	-473.632812	105.566406	1.000000	39.843750	-129.492187	-74.902344	2.000000	622.167969	-229.101562	927.734375	3.000000	-138.769531	-105.566406	-26.367187
2551.139496	0.000000	-61.230469	-473.632812	105.566406	1.000000	38.671875	-119.726562	-75.683594	2.000000	604.199219	-295.605469	840.625000	3.000000	-127.441406	-103.417969	-30.664062
2551.159012	0.000000	-35.546875	-407.128906	44.238281	1.000000	38.281250	-111.914062	-76.074219	2.000000	582.031250	-341.503906	756.640625	3.000000	-117.089844	-100.976562	-34.179687
2551.177384	0.000000	-35.546875	-407.128906	44.238281	1.000000	37.402344	-105.859375	-76.074219	2.000000	558.691406	-371.386719	681.152344	3.000000	-107.714844	-98.828125	-37.792969
2551.196906	0.000000	-19.531250	-358.007812	7.031250	1.000000	36.523437	-100.292969	-76.757812	2.000000	532.519531	-391.406250	606.542969	3.000000	-100.488281	-96.679687	-40.722656
2551.217487	0.000000	-19.531250	-358.007812	7.031250	1.000000	35.937500	-95.312500	-76.855469	2.000000	505.761719	-401.855469	535.546875	3.000000	-93.164062	-94.433594	-43.164062
2551.237048	0.000000	-8.007812	-319.238281	-17.871094	1.000000	35.742187	-91.113281	-76.660156	2.000000	482.128906	-404.589844	476.269531	3.000000	-87.695312	-92.773437	-44.921875
2551.255460	0.000000	-8.007812	-319.238281	-17.871094	1.000000	35.351562	-87.792969	-76.367187	2.000000	462.109375	-402.148437	426.953125	3.000000	-82.714844	-91.308594	-46.484375
2551.275025	0.000000	0.488281	-292.480469	-32.714844	1.000000	35.253906	-84.765625	-76.464844	2.000000	443.066406	-396.093750	381.835937	3.000000	-78.125000	-90.136719	-47.753906
2551.293434	0.000000	0.488281	-292.480469	-32.714844	1.000000	35.546875	-82.519531	-76.269531	2.000000	427.441406	-388.476562	346.484375	3.000000	-74.902344	-90.234375	-48.437500
2551.312969	0.000000	6.738281	-275.097656	-41.308594	1.000000	35.058594	-80.664062	-75.976562	2.000000	414.160156	-379.589844	315.039062	3.000000	-72.265625	-89.941406	-49.316406
2551.333570	0.000000	9.765625	-268.750000	-44.140625	1.000000	35.546875	-79.296875	-75.976562	2.000000	403.710937	-369.238281	288.183594	3.000000	-69.335937	-90.917969	-49.511719
2551.353073	0.000000	12.792969	-264.257812	-46.093750	1.000000	35.546875	-77.929687	-75.976562	2.000000	395.703125	-358.984375	266.894531	3.000000	-68.359375	-92.089844	-49.316406
2551.371435	0.000000	12.792969	-264.257812	-46.093750	1.000000	36.621094	-77.246094	-76.074219	2.000000	391.406250	-349.121094	251.562500	3.000000	-67.871094	-93.750000	-48.730469
2551.390994	0.000000	18.359375	-260.644531	-47.167969	1.000000	37.207031	-76.757812	-75.878906	2.000000	388.867187	-338.574219	237.695312	3.000000	-67.285156	-96.484375	-47.656250
2551.411566	0.000000	18.359375	-260.644531	-47.167969	1.000000	37.304687	-76.464844	-75.878906	2.000000	389.062500	-327.343750	228.222656	3.000000	-67.382812	-100.292969	-46.191406
2551.431076	0.000000	25.097656	-264.062500	-44.726562	1.000000	37.792969	-76.757812	-75.683594	2.000000	392.285156	-316.406250	221.875000	3.000000	-68.652344	-105.175781	-43.750000
2551.449462	0.000000	25.097656	-264.062500	-44.726562	1.000000	38.574219	-77.539062	-76.171875	2.000000	396.972656	-306.054687	219.042969	3.000000	-70.507812	-110.351562	-41.210937
2551.469001	0.000000	32.617187	-274.023437	-38.476562	1.000000	39.453125	-78.125000	-76.171875	2.000000	404.199219	-294.335937	217.578125	3.000000	-73.046875	-116.894531	-38.574219
2551.487403	0.000000	32.617187	-274.023437	-38.476562	1.000000	39.843750	-79.199219	-76.171875	2.000000	412.890625	-282.324219	218.457031	3.000000	-76.269531	-124.121094	-34.667969
2551.506912	0.000000	41.796875	-291.113281	-28.222656	1.000000	41.308594	-80.859375	-76.464844	2.000000	423.925781	-268.261719	220.898437	3.000000	-81.054687	-133.203125	-29.687500
2551.527492	0.000000	41.796875	-291.113281	-28.222656	1.000000	41.699219	-82.812500	-76.464844	2.000000	436.914062	-251.074219	225.585937	3.000000	-87.597656	-144.042969	-22.949219
2551.547056	0.000000	56.250000	-318.164062	-9.375000	1.000000	43.359375	-85.156250	-75.976562	2.000000	450.683594	-232.226562	230.859375	3.000000	-95.703125	-156.445312	-15.039062
2551.565424	0.000000	56.250000	-318.164062	-9.375000	1.000000	45.214844	-87.500000	-76.171875	2.000000	464.257812	-211.914062	237.207031	3.000000	-103.125000	-169.531250	-6.347656
2551.584951	0.000000	74.804687	-353.515625	17.773437	1.000000	46.972656	-91.015625	-76.171875	2.000000	478.906250	-188.085937	243.750000	3.000000	-114.257812	-185.058594	5.078125
2551.605536	0.000000	87.500000	-376.953125	38.281250	1.000000	50.097656	-95.019531	-76.367187	2.000000	493.359375	-158.300781	250.292969	3.000000	-128.320312	-203.125000	19.628906
2551.625002	0.000000	102.148437	-401.757812	61.718750	1.000000	52.636719	-99.414062	-76.074219	2.000000	505.371094	-126.855469	255.175781	3.000000	-143.945312	-221.582031	37.109375
2551.643402	0.000000	102.148437	-401.757812	61.718750	1.000000	55.664062	-104.394531	-75.292969	2.000000	514.453125	-94.042969	258.203125	3.000000	-161.621094	-240.820312	56.738281
2551.662966	0.000000	140.136719	-458.496094	125.976562	1.000000	59.082031	-110.449219	-74.707031	2.000000	520.605469	-55.664062	259.277344	3.000000	-184.765625	-262.695312	81.933594
2551.683557	0.000000	167.578125	-492.675781	173.730469	1.000000	64.062500	-117.871094	-73.437500	2.000000	522.363281	-12.890625	256.347656	3.000000	-212.890625	-285.839844	113.574219
2551.701612	0.000000	196.386719	-522.851562	224.414062	1.000000	69.042969	-124.707031	-71.875000	2.000000	518.457031	25.195312	250.195312	3.000000	-242.480469	-305.078125	146.191406
2551.720815	0.000000	231.445312	-554.003906	288.867187	1.000000	75.585937	-133.691406	-69.824219	2.000000	509.277344	66.015625	240.332031	3.000000	-279.101562	-323.339844	186.230469
2551.741486	0.000000	231.445312	-554.003906	288.867187	1.000000	83.886719	-144.433594	-66.699219	2.000000	492.578125	107.226562	225.195312	3.000000	-323.535156	-338.476562	235.644531
2551.761085	0.000000	323.242187	-602.929687	464.062500	1.000000	92.578125	-155.371094	-62.500000	2.000000	470.410156	142.382812	206.933594	3.000000	-370.703125	-345.605469	286.914062
2551.779545	0.000000	323.242187	-602.929687	464.062500	1.000000	103.027344	-167.285156	-57.421875	2.000000	444.628906	171.289062	186.621094	3.000000	-418.847656	-342.968750	338.964844
2551.801519	0.000000	434.960937	-598.242187	694.531250	1.000000	117.187500	-182.910156	-49.609375	2.000000	409.179687	198.632812	159.179687	3.000000	-478.906250	-324.804687	402.343750
2551.819596	0.000000	434.960937	-598.242187	694.531250	1.000000	131.933594	-196.777344	-41.210937	2.000000	376.757812	215.039062	135.351562	3.000000	-527.343750	-295.996094	452.246094
2551.841552	0.000000	434.960937	-598.242187	694.531250	1.000000	152.246094	-214.453125	-28.515625	2.000000	335.839844	226.660156	106.542969	3.000000	-580.957031	-241.894531	504.101562
2551.863502	0.000000	434.960937	-598.242187	694.531250	1.000000	177.441406	-233.691406	-11.914062	2.000000	295.703125	230.468750	78.417969	3.000000	-623.242187	-169.921875	540.820312
2551.883132	0.000000	614.648437	-257.910156	1141.992187	1.000000	202.929687	-250.488281	6.542969	2.000000	260.839844	228.125000	55.175781	3.000000	-647.363281	-94.433594	556.445312
2551.903528	0.000000	621.289062	-108.007812	1189.160156	1.000000	233.886719	-267.578125	30.371094	2.000000	226.367187	221.289062	33.007812	3.000000	-656.933594	-10.742187	553.027344
2551.921531	0.000000	621.289062	-108.007812	1189.160156	1.000000	264.746094	-280.859375	55.371094	2.000000	198.144531	212.304687	15.136719	3.000000	-650.585937	61.621094	534.277344
2551.941067	0.000000	578.906250	175.097656	1159.375000	1.000000	301.171875	-292.480469	87.109375	2.000000	171.191406	200.488281	-1.660156	3.000000	-629.492187	133.789062	498.828125
2551.959449	0.000000	578.906250	175.097656	1159.375000	1.000000	339.062500	-299.218750	121.289062	2.000000	148.339844	187.792969	-15.039062	3.000000	-598.339844	190.332031	455.566406
2551.978964	0.000000	481.347656	394.921875	999.218750	1.000000	381.054687	-301.269531	162.109375	2.000000	127.148437	173.730469	-27.636719	3.000000	-556.347656	236.328125	402.148437
2551.999540	0.000000	416.699219	469.628906	881.640625	1.000000	426.367187	-295.605469	209.375000	2.000000	108.398437	158.886719	-38.183594	3.000000	-505.761719	269.726562	342.187500
2552.019006	0.000000	354.687500	511.132812	765.039062	1.000000	469.238281	-281.933594	257.031250	2.000000	92.578125	145.019531	-46.875000	3.000000	-456.054687	286.816406	286.425781
2552.037383	0.000000	354.687500	511.132812	765.039062	1.000000	507.812500	-260.742187	303.613281	2.000000	80.371094	133.105469	-53.222656	3.000000	-409.960937	293.359375	237.402344
2552.056947	0.000000	245.214844	526.562500	549.121094	1.000000	544.433594	-229.003906	352.636719	2.000000	69.042969	120.898437	-58.496094	3.000000	-363.085937	291.894531	189.355469
2552.077518	0.000000	245.214844	526.562500	549.121094	1.000000	576.562500	-185.839844	401.367187	2.000000	58.984375	109.277344	-63.183594	3.000000	-318.457031	283.789062	146.191406
2552.097041	0.000000	157.226562	484.960937	364.453125	1.000000	599.804687	-137.695312	442.187500	2.000000	50.976562	98.828125	-66.308594	3.000000	-280.761719	272.265625	111.035156
2552.115427	0.000000	157.226562	484.960937	364.453125	1.000000	614.355469	-87.988281	476.171875	2.000000	44.531250	90.527344	-69.042969	3.000000	-249.218750	259.375000	82.519531
2552.134951	0.000000	98.632812	424.804687	236.621094	1.000000	622.167969	-32.128906	506.054687	2.000000	39.550781	82.128906	-71.679687	3.000000	-220.898437	244.238281	57.324219
2552.155510	0.000000	98.632812	424.804687	236.621094	1.000000	621.289062	27.539062	529.785156	2.000000	34.179687	74.609375	-72.949219	3.000000	-195.214844	228.613281	34.960937
2552.175024	0.000000	57.128906	361.328125	143.554687	1.000000	613.476562	82.421875	545.019531	2.000000	30.273437	68.164062	-74.316406	3.000000	-173.535156	214.160156	17.675781
2552.193414	0.000000	57.128906	361.328125	143.554687	1.000000	600.781250	131.347656	553.222656	2.000000	27.246094	63.085937	-75.097656	3.000000	-156.835937	201.855469	4.882812
2552.212969	0.000000	31.738281	308.691406	84.667969	1.000000	583.007812	179.003906	556.738281	2.000000	24.511719	58.105469	-76.074219	3.000000	-141.601562	189.160156	-6.542969
2552.233504	0.000000	31.738281	308.691406	84.667969	1.000000	561.132812	223.339844	556.054687	2.000000	22.070312	53.613281	-76.367187	3.000000	-128.417969	177.441406	-16.601562
2552.253030	0.000000	13.476562	264.941406	42.578125	1.000000	538.867187	260.449219	553.222656	2.000000	20.019531	50.292969	-77.050781	3.000000	-117.871094	167.578125	-24.316406
2552.271418	0.000000	13.476562	264.941406	42.578125	1.000000	517.089844	290.722656	549.414062	2.000000	18.261719	47.070312	-77.343750	3.000000	-109.375000	158.984375	-30.273437
2552.290941	0.000000	2.246094	233.984375	16.503906	1.000000	493.750000	318.457031	545.800781	2.000000	16.992187	44.921875	-77.246094	3.000000	-101.953125	151.464844	-35.546875
2552.311557	0.000000	2.246094	233.984375	16.503906	1.000000	471.191406	343.457031	543.164062	2.000000	15.527344	42.773437	-77.441406	3.000000	-95.605469	144.042969	-39.257812
2552.331073	0.000000	-6.835937	211.132812	-0.292969	1.000000	451.464844	363.183594	542.187500	2.000000	14.746094	41.210937	-77.441406	3.000000	-91.015625	138.476562	-42.871094
2552.349462	0.000000	-6.835937	211.132812	-0.292969	1.000000	435.058594	379.394531	542.968750	2.000000	13.964844	40.039062	-77.734375	3.000000	-87.792969	133.691406	-44.921875
2552.369014	0.000000	-13.281250	197.558594	-9.960937	1.000000	419.433594	394.531250	547.558594	2.000000	13.867187	39.160156	-77.832031	3.000000	-84.375000	129.589844	-47.363281
2552.387416	0.000000	-13.281250	197.558594	-9.960937	1.000000	407.128906	407.324219	555.468750	2.000000	12.597656	39.062500	-77.539062	3.000000	-82.128906	126.367187	-49.023437
2552.406943	0.000000	-20.410156	190.820312	-14.257812	1.000000	396.484375	419.140625	569.140625	2.000000	11.914062	38.769531	-78.125000	3.000000	-81.250000	123.242187	-49.804687
2552.427494	0.000000	-20.410156	190.820312	-14.257812	1.000000	387.890625	430.175781	589.160156	2.000000	11.523437	39.453125	-77.636719	3.000000	-79.296875	120.703125	-51.074219
2552.447014	0.000000	-26.855469	192.089844	-14.062500	1.000000	381.250000	438.964844	613.574219	2.000000	10.839844	40.625000	-77.636719	3.000000	-79.980469	119.335937	-51.269531
2552.465422	0.000000	-26.855469	192.089844	-14.062500	1.000000	378.515625	445.800781	642.675781	2.000000	10.742187	41.796875	-77.734375	3.000000	-80.371094	117.578125	-51.757812
2552.484983	0.000000	-34.570312	199.414062	-9.179687	1.000000	377.148437	450.878906	679.785156	2.000000	10.351562	43.652344	-77.929687	3.000000	-81.835937	116.503906	-51.464844
2552.505569	0.000000	-34.570312	199.414062	-9.179687	1.000000	378.320312	452.832031	725.878906	2.000000	10.546875	46.093750	-77.636719	3.000000	-84.277344	116.308594	-51.269531
2552.525064	0.000000	-44.335937	215.234375	1.562500	1.000000	380.566406	450.878906	778.125000	2.000000	10.253906	48.925781	-77.636719	3.000000	-85.937500	116.113281	-50.585937
2552.543445	0.000000	-44.335937	215.234375	1.562500	1.000000	385.058594	443.847656	835.058594	2.000000	10.058594	52.148437	-77.246094	3.000000	-89.550781	116.113281	-49.316406
2552.562972	0.000000	-57.324219	238.476562	19.628906	1.000000	391.796875	428.515625	902.636719	2.000000	9.960937	56.347656	-77.148437	3.000000	-93.457031	116.308594	-48.437500
2552.583572	0.000000	-57.324219	238.476562	19.628906	1.000000	399.707031	401.953125	981.542969	2.000000	10.546875	61.523437	-76.660156	3.000000	-98.730469	117.089844	-46.972656
2552.603078	0.000000	-74.316406	272.656250	49.414062	1.000000	408.300781	364.257812	1059.570312	2.000000	10.449219	67.675781	-76.171875	3.000000	-104.492187	117.773437	-45.312500
2552.621452	0.000000	-74.316406	272.656250	49.414062	1.000000	416.113281	315.625000	1134.570312	2.000000	10.839844	73.925781	-75.292969	3.000000	-110.449219	118.359375	-43.261719
2552.640976	0.000000	-98.046875	314.843750	92.382812	1.000000	422.949219	248.828125	1211.523437	2.000000	11.132812	82.128906	-74.218750	3.000000	-118.847656	119.140625	-40.429687
2552.661560	0.000000	-98.046875	314.843750	92.382812	1.000000	429.003906	158.105469	1282.617187	2.000000	12.109375	91.992187	-72.558594	3.000000	-127.343750	119.531250	-37.402344
2552.681081	0.000000	-132.714844	369.921875	162.597656	1.000000	430.664062	55.078125	1333.203125	2.000000	12.792969	103.027344	-70.117187	3.000000	-136.523437	119.726562	-33.886719
2552.699471	0.000000	-153.222656	397.363281	206.738281	1.000000	428.906250	-55.664062	1360.156250	2.000000	14.160156	114.941406	-67.480469	3.000000	-147.460937	119.238281	-29.980469
2552.717556	0.000000	-176.660156	425.000000	258.789062	1.000000	421.777344	-171.582031	1358.886719	2.000000	15.332031	128.515625	-63.964844	3.000000	-157.714844	118.261719	-26.074219
2552.736778	0.000000	-205.761719	452.734375	324.707031	1.000000	408.593750	-296.386719	1326.269531	2.000000	17.382812	145.410156	-58.691406	3.000000	-170.507812	116.503906	-21.191406
2552.757491	0.000000	-205.761719	452.734375	324.707031	1.000000	388.183594	-422.265625	1253.027344	2.000000	20.214844	166.210937	-51.367187	3.000000	-185.253906	113.476562	-15.625000
2552.777114	0.000000	-283.300781	496.386719	506.738281	1.000000	363.183594	-524.414062	1150.585937	2.000000	24.316406	189.257812	-41.796875	3.000000	-199.609375	109.082031	-9.765625
2552.795568	0.000000	-283.300781	496.386719	506.738281	1.000000	335.742187	-599.414062	1031.835937	2.000000	28.027344	213.964844	-30.078125	3.000000	-213.574219	103.125000	-3.613281
2552.817522	0.000000	-283.300781	496.386719	506.738281	1.000000	299.902344	-657.031250	873.339844	2.000000	35.058594	247.656250	-11.914062	3.000000	-229.980469	93.847656	3.515625
2552.837101	0.000000	-430.957031	447.949219	884.960937	1.000000	266.601562	-678.417969	727.441406	2.000000	43.164062	282.226562	9.863281	3.000000	-244.824219	83.691406	9.667969
2552.855554	0.000000	-430.957031	447.949219	884.960937	1.000000	235.351562	-675.781250	595.507812	2.000000	52.734375	318.652344	36.425781	3.000000	-256.835937	72.167969	15.527344
2552.877495	0.000000	-525.488281	275.781250	1149.707031	1.000000	201.171875	-649.414062	452.832031	2.000000	67.871094	366.015625	77.148437	3.000000	-269.726562	56.054687	21.875000
2552.895557	0.000000	-525.488281	275.781250	1149.707031	1.000000	176.171875	-614.160156	350.976562	2.000000	83.496094	407.617187	120.214844	3.000000	-279.296875	41.308594	26.269531
2552.917532	0.000000	-525.488281	275.781250	1149.707031	1.000000	149.316406	-561.914062	245.898437	2.000000	108.496094	459.667969	185.351562	3.000000	-286.914062	21.972656	30.078125
2552.939531	0.000000	-525.488281	275.781250	1149.707031	1.000000	126.855469	-504.980469	162.597656	2.000000	141.113281	510.351562	267.578125	3.000000	-290.332031	1.660156	32.714844
2552.959057	0.000000	-546.875000	-345.507812	1283.496094	1.000000	109.960937	-454.394531	103.808594	2.000000	177.148437	549.902344	356.250000	3.000000	-290.527344	-17.285156	33.593750
2552.977420	0.000000	-546.875000	-345.507812	1283.496094	1.000000	97.070312	-408.984375	60.351562	2.000000	217.480469	577.636719	451.367187	3.000000	-287.304687	-33.496094	33.105469
2552.997005	0.000000	-462.304687	-579.687500	1091.210937	1.000000	85.351562	-364.355469	24.218750	2.000000	266.992187	592.285156	564.160156	3.000000	-279.980469	-50.195312	30.761719
2553.015377	0.000000	-462.304687	-579.687500	1091.210937	1.000000	76.074219	-326.562500	-1.464844	2.000000	319.042969	587.207031	675.390625	3.000000	-271.093750	-64.550781	27.050781
2553.034869	0.000000	-350.390625	-693.457031	828.613281	1.000000	68.261719	-290.722656	-22.753906	2.000000	378.613281	558.300781	792.773437	3.000000	-259.667969	-77.148437	22.851562
2553.055431	0.000000	-350.390625	-693.457031	828.613281	1.000000	62.011719	-257.519531	-38.867187	2.000000	442.382812	499.121094	906.347656	3.000000	-245.312500	-88.574219	17.578125
2553.074962	0.000000	-238.867187	-699.121094	561.132812	1.000000	56.640625	-230.371094	-50.390625	2.000000	500.000000	417.578125	995.703125	3.000000	-230.859375	-96.777344	11.718750
2553.095531	0.000000	-238.867187	-699.121094	561.132812	1.000000	52.050781	-205.761719	-58.593750	2.000000	553.515625	310.156250	1060.839844	3.000000	-213.769531	-103.320312	5.175781
2553.115016	0.000000	-153.710937	-638.085937	351.171875	1.000000	49.023437	-185.644531	-65.039062	2.000000	593.066406	196.191406	1090.332031	3.000000	-198.242187	-107.128906	-1.074219
2553.133408	0.000000	-153.710937	-638.085937	351.171875	1.000000	46.582031	-169.335937	-68.652344	2.000000	618.750000	85.351562	1088.281250	3.000000	-183.984375	-109.179687	-7.519531
2553.152952	0.000000	-97.167969	-560.156250	210.351562	1.000000	44.921875	-154.394531	-71.875000	2.000000	634.375000	-26.953125	1056.640625	3.000000	-168.945312	-109.765625	-13.183594
2553.173530	0.000000	-75.000000	-518.066406	154.589844	1.000000	42.285156	-141.015625	-74.218750	2.000000	637.402344	-131.835937	997.265625	3.000000	-153.808594	-109.277344	-18.359375
2553.193016	0.000000	-58.203125	-480.273437	111.914062	1.000000	41.015625	-129.882812	-75.488281	2.000000	629.394531	-214.160156	925.683594	3.000000	-141.406250	-108.203125	-23.632812
2553.211428	0.000000	-58.203125	-480.273437	111.914062	1.000000	39.648437	-121.484375	-76.562500	2.000000	614.257812	-276.855469	850.292969	3.000000	-130.664062	-106.445312	-27.929687
2553.230942	0.000000	-33.789062	-416.308594	51.171875	1.000000	38.769531	-113.378906	-77.148437	2.000000	592.968750	-326.464844	768.457031	3.000000	-120.410156	-104.296875	-32.226562
2553.251535	0.000000	-33.789062	-416.308594	51.171875	1.000000	38.476562	-106.347656	-77.441406	2.000000	566.796875	-362.792969	683.398437	3.000000	-109.765625	-101.757812	-35.546875
2553.271070	0.000000	-16.601562	-362.500000	9.375000	1.000000	37.890625	-100.585937	-77.734375	2.000000	540.429687	-384.179687	608.398437	3.000000	-102.441406	-99.316406	-38.769531
2553.289462	0.000000	-16.601562	-362.500000	9.375000	1.000000	37.402344	-95.800781	-77.929687	2.000000	516.503906	-395.312500	543.554687	3.000000	-95.312500	-97.558594	-41.308594
2553.309012	0.000000	-5.761719	-324.316406	-15.429687	1.000000	37.109375	-91.699219	-77.929687	2.000000	492.187500	-399.414062	482.714844	3.000000	-89.648437	-95.507812	-43.554687
2553.327412	0.000000	-5.761719	-324.316406	-15.429687	1.000000	37.207031	-88.281250	-77.246094	2.000000	471.191406	-398.242187	432.812500	3.000000	-84.472656	-94.238281	-45.019531
2553.346955	0.000000	2.636719	-297.070312	-30.761719	1.000000	36.914062	-85.156250	-77.246094	2.000000	451.464844	-393.554687	387.304687	3.000000	-79.882812	-92.968750	-46.679687
2553.367543	0.000000	2.636719	-297.070312	-30.761719	1.000000	37.011719	-82.812500	-77.050781	2.000000	433.593750	-385.839844	346.777344	3.000000	-75.976562	-92.382812	-47.460937
2553.387032	0.000000	8.789062	-276.953125	-41.503906	1.000000	36.718750	-80.566406	-77.050781	2.000000	419.824219	-377.441406	314.648437	3.000000	-72.753906	-92.382812	-48.535156
2553.405454	0.000000	8.789062	-276.953125	-41.503906	1.000000	36.621094	-79.296875	-77.441406	2.000000	408.691406	-368.359375	289.160156	3.000000	-70.410156	-92.675781	-48.437500
2553.425030	0.000000	14.843750	-265.917969	-46.386719	1.000000	36.816406	-77.734375	-77.050781	2.000000	400.683594	-357.812500	266.503906	3.000000	-68.847656	-93.652344	-48.242187
2553.443413	0.000000	14.843750	-265.917969	-46.386719	1.000000	37.402344	-76.953125	-76.953125	2.000000	395.410156	-347.949219	250.390625	3.000000	-68.066406	-95.605469	-47.753906
2553.462952	0.000000	20.312500	-262.011719	-47.753906	1.000000	37.695312	-76.660156	-76.953125	2.000000	392.675781	-337.792969	237.109375	3.000000	-67.187500	-98.242187	-47.167969
2553.483534	0.000000	23.437500	-262.402344	-47.167969	1.000000	37.500000	-76.562500	-76.855469	2.000000	392.285156	-326.757812	226.464844	3.000000	-67.578125	-102.050781	-45.410156
2553.503007	0.000000	26.757812	-264.453125	-45.507812	1.000000	38.281250	-76.660156	-77.050781	2.000000	394.238281	-316.308594	219.531250	3.000000	-68.164062	-106.054687	-43.457031
2553.521382	0.000000	26.757812	-264.453125	-45.507812	1.000000	38.964844	-77.050781	-77.343750	2.000000	397.949219	-306.054687	215.429687	3.000000	-70.605469	-111.230469	-41.308594
2553.540947	0.000000	33.886719	-273.339844	-40.527344	1.000000	39.843750	-77.343750	-77.343750	2.000000	404.589844	-294.238281	213.476562	3.000000	-73.046875	-117.675781	-38.085937
2553.561561	0.000000	33.886719	-273.339844	-40.527344	1.000000	40.722656	-78.613281	-77.539062	2.000000	413.769531	-280.761719	213.769531	3.000000	-76.464844	-125.683594	-33.593750
2553.581062	0.000000	44.628906	-290.527344	-29.199219	1.000000	41.992187	-80.078125	-77.636719	2.000000	424.218750	-266.796875	216.601562	3.000000	-81.347656	-134.570312	-28.906250
2553.599448	0.000000	44.628906	-290.527344	-29.199219	1.000000	42.773437	-81.933594	-77.539062	2.000000	436.035156	-251.855469	220.214844	3.000000	-86.914062	-144.238281	-22.949219
2553.618988	0.000000	57.519531	-315.429687	-12.695312	1.000000	43.847656	-84.179687	-77.734375	2.000000	449.218750	-233.886719	225.488281	3.000000	-93.847656	-156.445312	-15.429687
2553.637400	0.000000	57.519531	-315.429687	-12.695312	1.000000	45.507812	-86.523437	-77.441406	2.000000	462.304687	-214.355469	231.054687	3.000000	-101.562500	-168.945312	-6.445312
2553.656928	0.000000	75.000000	-349.316406	13.085937	1.000000	47.558594	-89.746094	-77.636719	2.000000	476.757812	-191.113281	237.304687	3.000000	-111.328125	-183.789062	4.589844
2553.677487	0.000000	75.000000	-349.316406	13.085937	1.000000	49.902344	-93.554687	-77.539062	2.000000	490.820312	-162.402344	243.750000	3.000000	-124.902344	-201.757812	18.750000
2553.697054	0.000000	102.050781	-396.582031	55.566406	1.000000	52.734375	-98.144531	-77.539062	2.000000	503.027344	-131.640625	248.828125	3.000000	-140.039062	-220.507812	35.937500
2553.715447	0.000000	102.050781	-396.582031	55.566406	1.000000	55.371094	-103.027344	-76.757812	2.000000	512.500000	-99.707031	252.539062	3.000000	-157.031250	-239.453125	54.980469
2553.734998	0.000000	139.941406	-452.343750	117.089844	1.000000	58.984375	-108.789062	-76.367187	2.000000	519.433594	-62.207031	253.710937	3.000000	-178.906250	-260.742187	79.101562
2553.753411	0.000000	139.941406	-452.343750	117.089844	1.000000	63.476562	-114.746094	-75.097656	2.000000	521.875000	-24.902344	251.855469	3.000000	-203.613281	-281.347656	106.835937
2553.772991	0.000000	192.871094	-514.550781	209.082031	1.000000	68.261719	-122.363281	-73.828125	2.000000	519.042969	16.015625	246.484375	3.000000	-235.058594	-302.832031	140.722656
2553.791493	0.000000	225.585937	-544.921875	268.457031	1.000000	74.218750	-130.273437	-71.679687	2.000000	511.328125	54.589844	237.988281	3.000000	-267.675781	-320.898437	177.929687
2553.809533	0.000000	262.500000	-571.875000	336.230469	1.000000	80.761719	-139.355469	-69.726562	2.000000	498.437500	91.015625	226.074219	3.000000	-305.468750	-335.546875	219.433594
2553.827561	0.000000	262.500000	-571.875000	336.230469	1.000000	88.671875	-148.925781	-66.699219	2.000000	480.468750	125.390625	211.425781	3.000000	-347.265625	-344.433594	265.039062
2553.845585	0.000000	262.500000	-571.875000	336.230469	1.000000	98.144531	-159.960937	-62.304687	2.000000	457.324219	155.273437	193.164062	3.000000	-392.187500	-347.167969	314.648437
2553.867553	0.000000	262.500000	-571.875000	336.230469	1.000000	111.328125	-174.609375	-55.761719	2.000000	423.925781	185.839844	167.187500	3.000000	-451.562500	-336.621094	377.929687
2553.889499	0.000000	262.500000	-571.875000	336.230469	1.000000	127.832031	-190.917969	-47.070312	2.000000	386.816406	208.007812	139.453125	3.000000	-511.425781	-308.496094	440.722656
2553.907542	0.000000	262.500000	-571.875000	336.230469	1.000000	143.750000	-205.273437	-37.109375	2.000000	354.296875	220.214844	115.917969	3.000000	-557.421875	-269.824219	487.207031
2553.927118	0.000000	570.312500	-447.460937	992.578125	1.000000	163.867187	-221.582031	-24.218750	2.000000	317.871094	227.246094	90.917969	3.000000	-600.878906	-213.085937	527.050781
2553.947609	0.000000	605.859375	-332.324219	1093.750000	1.000000	188.867187	-239.355469	-7.421875	2.000000	280.859375	228.222656	66.210937	3.000000	-635.058594	-139.648437	553.417969
2553.966918	0.000000	623.242187	-200.390625	1160.058594	1.000000	215.625000	-256.250000	12.207031	2.000000	246.972656	224.316406	43.847656	3.000000	-653.222656	-62.207031	561.523437
2553.986473	0.000000	622.460937	-52.343750	1189.746094	1.000000	246.875000	-271.679687	36.621094	2.000000	215.820312	216.308594	23.437500	3.000000	-655.957031	18.652344	551.074219
2554.007510	0.000000	622.460937	-52.343750	1189.746094	1.000000	284.375000	-285.839844	67.480469	2.000000	184.570312	204.296875	4.394531	3.000000	-641.601562	100.878906	522.167969
2554.027047	0.000000	561.621094	242.578125	1120.996094	1.000000	322.851562	-295.312500	101.660156	2.000000	158.984375	191.601562	-11.328125	3.000000	-613.574219	167.187500	480.566406
2554.045414	0.000000	561.621094	242.578125	1120.996094	1.000000	361.425781	-300.097656	137.695312	2.000000	137.988281	178.808594	-23.535156	3.000000	-577.441406	217.285156	431.933594
2554.064919	0.000000	453.222656	434.765625	938.867187	1.000000	404.394531	-298.828125	180.566406	2.000000	118.066406	165.039062	-34.765625	3.000000	-531.933594	255.761719	375.292969
2554.085465	0.000000	453.222656	434.765625	938.867187	1.000000	450.000000	-288.867187	229.296875	2.000000	100.292969	150.488281	-44.042969	3.000000	-479.687500	281.640625	315.429687
2554.105032	0.000000	326.464844	522.265625	701.367187	1.000000	491.894531	-270.605469	278.417969	2.000000	86.328125	137.500000	-51.464844	3.000000	-429.980469	293.066406	260.937500
