time (s)	det(V)
2546.641515	-1.732656	
2546.643515	-1.732684	
2546.645515	-1.732706	
2546.647513	-1.732691	
2546.651516	-1.732608	
2546.653514	-1.732635	
2546.655514	-1.732697	
2546.657514	-1.732654	
2546.659514	-1.732676	
2546.663513	-1.732704	
2546.665514	-1.732679	
2546.667514	-1.732721	
2546.671515	-1.732739	
2546.673515	-1.732657	
2546.675514	-1.732655	
2546.677515	-1.732680	
2546.679515	-1.732631	
2546.681514	-1.732701	
2546.683513	-1.732635	
2546.685514	-1.732533	
2546.687513	-1.732339	
2546.691514	-1.732126	
2546.693515	-1.731584	
2546.695514	-1.731371	
2546.697514	-1.729592	
2546.699514	-1.602273	
2546.703513	-1.389291	
2546.707513	-1.001630	
2546.709514	-0.576602	
2546.711515	-0.393788	
2546.713515	-0.174430	
2546.715515	0.018497	
2546.717514	0.215564	
2546.721513	0.431772	
2546.723515	0.809489	
2546.725515	1.023209	
2546.729514	1.196648	
2546.731515	1.528580	
2546.733514	1.528942	
2546.735514	1.528937	
2546.737515	1.529006	
2546.741513	1.529029	
2546.743515	1.528979	
2546.747515	1.528971	
2546.749514	1.528981	
2546.751515	1.528950	
2546.753515	1.529003	
2546.755515	1.528940	
2546.759513	1.528963	
2546.761514	1.529001	
2546.763515	1.529009	
2546.765514	1.528993	
2546.767515	1.528939	
2546.769515	1.529033	
2546.771514	1.528988	
2546.773515	1.528968	
2546.775515	1.528967	
2546.777513	1.528958	
2546.779515	1.528995	
2546.781515	1.528975	
2546.785516	1.529017	
2546.787515	1.528994	
2546.789514	1.529013	
2546.791515	1.528988	
2546.793515	1.528974	
2546.795514	1.528962	
2546.799513	1.529008	
2546.801514	1.529005	
2546.803515	1.528980	
2546.807515	1.528990	
2546.809514	1.528895	
2546.811515	1.528999	
2546.813514	1.528962	
2546.815514	1.528984	
2546.817515	1.528992	
2546.821514	1.528948	
2546.825515	1.529048	
2546.827516	1.529013	
2546.829514	1.529007	
2546.831515	1.528986	
2546.833515	1.529026	
2546.837514	1.528942	
2546.839514	1.529044	
2546.841515	1.529022	
2546.843514	1.529009	
2546.845515	1.529026	
2546.847515	1.528986	
2546.849514	1.528931	
2546.851514	1.528907	
2546.853515	1.529002	
2546.855514	1.528984	
2546.857515	1.528992	
2546.859514	1.529045	
2546.861513	1.528967	
2546.865514	1.528975	
2546.867515	1.528926	
2546.869515	1.529009	
2546.871515	1.528946	
2546.873514	1.529020	
2546.877514	1.528984	
2546.879513	1.529004	
2546.881514	1.528967	
2546.885517	1.528955	
2546.887514	1.529001	
2546.889514	1.528985	
2546.891514	1.528989	
2546.893515	1.529015	
2546.895514	1.528993	
2546.899515	1.528996	
2546.903514	1.528980	
2546.905515	1.528971	
2546.907516	1.528963	
2546.909514	1.528989	
2546.911515	1.529007	
2546.915513	1.529025	
2546.917515	1.529022	
2546.919514	1.528996	
2546.921515	1.528576	
2546.923514	1.524421	
2546.925515	1.476839	
2546.927514	1.384363	
2546.929514	1.319987	
2546.931515	1.264232	
2546.933515	1.186831	
2546.935515	1.137934	
2546.937515	1.086004	
2546.939515	1.020583	
2546.943515	0.987404	
2546.945515	0.879562	
2546.947514	0.848768	
2546.949514	0.787168	
2546.951514	0.747368	
2546.955514	0.727804	
2546.957515	0.635260	
2546.959514	0.599370	
2546.963515	0.546052	
2546.965515	0.501535	
2546.967515	0.465282	
2546.969515	0.451773	
2546.971515	0.417395	
2546.973514	0.393873	
2546.977515	0.369792	
2546.981515	0.306969	
2546.983516	0.266637	
2546.985514	0.267265	
2546.987515	0.249672	
2546.989515	0.222171	
2546.993513	0.225281	
2546.995514	0.154883	
2546.997514	0.155944	
2546.999514	0.122735	
2547.001514	0.121991	
2547.003515	0.136374	
2547.005515	0.107941	
2547.007514	0.109107	
2547.009515	0.100329	
2547.011515	0.069317	
2547.013514	0.064190	
2547.015515	0.040345	
2547.017514	0.024483	
2547.021519	0.034186	
2547.023515	0.027637	
2547.025514	0.035044	
2547.027515	0.006990	
2547.029514	0.002205	
2547.033514	0.000971	
2547.035515	-0.026097	
2547.037514	-0.026976	
2547.041515	-0.043433	
2547.043517	-0.027534	
2547.045514	-0.046332	
2547.047515	-0.036221	
2547.049515	-0.056453	
2547.051514	-0.057384	
2547.055515	-0.050833	
2547.059514	-0.062776	
2547.061515	-0.069942	
2547.063514	-0.061030	
2547.065515	-0.074248	
2547.067515	-0.082422	
2547.071513	-0.063712	
2547.073513	-0.089051	
2547.075515	-0.078563	
2547.077514	-0.099608	
2547.079515	-0.091607	
2547.081515	-0.078573	
2547.083516	-0.100768	
2547.085514	-0.085409	
2547.087515	-0.080860	
2547.089515	-0.091472	
2547.091514	-0.085989	
2547.093515	-0.102216	
2547.097514	-0.116655	
2547.099516	-0.115759	
2547.101515	-0.103465	
2547.103514	-0.082415	
2547.105515	-0.099931	
2547.107514	-0.086972	
2547.111514	-0.084865	
2547.113514	-0.105908	
2547.115515	-0.117070	
2547.119515	-0.123877	
2547.121515	-0.095349	
2547.123515	-0.092379	
2547.125514	-0.082381	
2547.127514	-0.101025	
2547.131513	-0.098874	
2547.133515	-0.127115	
2547.137515	-0.110237	
2547.139516	-0.098269	
2547.141515	-0.077923	
2547.143515	-0.090663	
2547.145513	-0.104943	
2547.149513	-0.089411	
2547.151514	-0.118321	
2547.153515	-0.097054	
2547.155514	-0.110938	
2547.157518	-0.088624	
2547.159516	-0.081398	
2547.161515	-0.096794	
2547.163514	-0.088498	
2547.165514	-0.093651	
2547.167514	-0.102678	
2547.169515	-0.094060	
2547.171519	-0.101970	
2547.175515	-0.100061	
2547.177515	-0.099965	
2547.179515	-0.088310	
2547.181515	-0.080782	
2547.183514	-0.101204	
2547.185514	-0.081892	
2547.189513	-0.075626	
2547.191515	-0.083887	
2547.193514	-0.092854	
2547.197515	-0.104750	
2547.199515	-0.092419	
2547.201515	-0.087734	
2547.203515	-0.068942	
2547.205514	-0.081758	
2547.209513	-0.069982	
2547.211515	-0.099805	
2547.215514	-0.086852	
2547.217515	-0.087518	
2547.219515	-0.065985	
2547.221514	-0.076333	
2547.223514	-0.073622	
2547.227513	-0.057882	
2547.229515	-0.086952	
2547.231514	-0.083494	
2547.235514	-0.099355	
2547.237516	-0.059667	
2547.239514	-0.070786	
2547.241515	-0.055084	
2547.243515	-0.063426	
2547.245514	-0.073777	
2547.249514	-0.071399	
2547.253515	-0.084415	
2547.255515	-0.067899	
2547.257515	-0.053024	
2547.259515	-0.052454	
2547.261515	-0.069438	
2547.265513	-0.055974	
2547.267515	-0.085928	
2547.269513	-0.067157	
2547.271514	-0.071698	
2547.273514	-0.063583	
2547.275515	-0.041203	
2547.277515	-0.060342	
2547.279514	-0.058246	
2547.281515	-0.053238	
2547.283515	-0.068582	
2547.285516	-0.060935	
2547.287515	-0.060588	
2547.291514	-0.069224	
2547.293515	-0.051532	
2547.295513	-0.059384	
2547.297514	-0.042206	
2547.299516	-0.059376	
2547.301514	-0.055497	
2547.305514	-0.034281	
2547.307514	-0.051147	
2547.309515	-0.048677	
2547.313514	-0.067954	
2547.315515	-0.046782	
2547.317515	-0.055412	
2547.319514	-0.037028	
2547.321514	-0.044073	
2547.323514	-0.040260	
2547.327514	-0.037628	
2547.331514	-0.056991	
2547.333515	-0.055124	
2547.335515	-0.036711	
2547.337514	-0.033724	
2547.339515	-0.044755	
2547.343513	-0.024886	
2547.345515	-0.060166	
2547.347515	-0.047641	
2547.351514	-0.064547	
2547.353514	-0.028585	
2547.355515	-0.041987	
2547.357514	-0.032241	
2547.359513	-0.028977	
2547.361513	-0.047751	
2547.365514	-0.045681	
2547.369514	-0.064001	
2547.371514	-0.040626	
2547.373514	-0.040149	
2547.375514	-0.029105	
2547.377514	-0.045574	
2547.381513	-0.043478	
2547.383515	-0.073124	
2547.385514	-0.057331	
2547.387515	-0.050388	
2547.389515	-0.055619	
2547.391514	-0.032513	
2547.393515	-0.040224	
2547.395514	-0.057539	
2547.397515	-0.041246	
2547.399514	-0.059026	
2547.401515	-0.069164	
2547.403515	-0.055234	
2547.405513	-0.070242	
2547.409515	-0.061608	
2547.411514	-0.064136	
2547.413515	-0.053868	
2547.415514	-0.065567	
2547.417515	-0.074205	
2547.421513	-0.056914	
2547.423515	-0.081176	
2547.425513	-0.070776	
2547.427514	-0.092923	
2547.429515	-0.085068	
2547.431514	-0.078074	
2547.433514	-0.100354	
2547.435515	-0.085517	
2547.437515	-0.084346	
2547.439514	-0.098778	
2547.441515	-0.094921	
2547.443515	-0.112096	
2547.447514	-0.130801	
2547.449515	-0.137994	
2547.451514	-0.133532	
2547.453515	-0.117450	
2547.455515	-0.139950	
2547.457515	-0.135211	
2547.461513	-0.135737	
2547.463514	-0.173414	
2547.465514	-0.189630	
2547.469515	-0.206066	
2547.471515	-0.199291	
2547.473514	-0.209312	
2547.475515	-0.207170	
2547.477514	-0.235933	
2547.479515	-0.245512	
2547.483515	-0.262290	
2547.487515	-0.294035	
2547.489515	-0.314517	
2547.491514	-0.311142	
2547.493514	-0.336492	
2547.495515	-0.366174	
2547.499513	-0.366244	
2547.501515	-0.433088	
2547.503514	-0.435884	
2547.507515	-0.469117	
2547.509516	-0.481845	
2547.511514	-0.519147	
2547.513514	-0.533495	
2547.515513	-0.565015	
2547.517514	-0.599254	
2547.521513	-0.620079	
2547.525515	-0.689481	
2547.527515	-0.744389	
2547.529518	-0.779324	
2547.531515	-0.808094	
2547.533514	-0.865106	
2547.537513	-0.888949	
2547.539514	-0.988966	
2547.541514	-1.014697	
2547.545514	-1.069346	
2547.547515	-1.151694	
2547.549515	-1.220184	
2547.551515	-1.274578	
2547.553515	-1.308972	
2547.557514	-1.375322	
2547.559515	-1.499786	
2547.563514	-1.585662	
2547.565515	-1.704956	
2547.567514	-1.731045	
2547.569515	-1.731122	
2547.571515	-1.731208	
2547.575514	-1.731290	
2547.577514	-1.731479	
2547.579514	-1.731643	
2547.583515	-1.731738	
2547.585513	-1.731897	
2547.587516	-1.732016	
2547.589514	-1.732182	
2547.591515	-1.732299	
2547.593514	-1.732380	
2547.595514	-1.732469	
2547.597514	-1.732533	
2547.601514	-1.732572	
2547.603515	-1.732610	
2547.605515	-1.732593	
2547.607516	-1.732677	
2547.609514	-1.732680	
2547.611515	-1.732664	
2547.615513	-1.732649	
2547.617514	-1.732661	
2547.619514	-1.732735	
2547.623515	-1.732754	
2547.625515	-1.732729	
2547.627515	-1.732623	
2547.629515	-1.732724	
2547.631515	-1.732639	
2547.633514	-1.732713	
2547.635513	-1.732684	
2547.637515	-1.732676	
2547.639516	-1.732683	
2547.643514	-1.732733	
2547.645515	-1.732668	
2547.647514	-1.732651	
2547.649515	-1.732626	
2547.651515	-1.732625	
2547.655513	-1.732686	
2547.659514	-1.732664	
2547.661515	-1.732665	
2547.663514	-1.732664	
2547.665515	-1.732627	
2547.667514	-1.732602	
2547.669515	-1.732686	
2547.671514	-1.732664	
2547.673515	-1.732697	
2547.675514	-1.732684	
2547.677514	-1.732714	
2547.679515	-1.732727	
2547.683515	-1.732701	
2547.685514	-1.732672	
2547.687514	-1.732703	
2547.689515	-1.732667	
2547.691515	-1.732679	
2547.695513	-1.732665	
2547.699514	-1.732672	
2547.701515	-1.732659	
2547.703514	-1.732654	
2547.705514	-1.732637	
2547.707515	-1.732660	
2547.709515	-1.732669	
2547.711515	-1.732677	
2547.713515	-1.732682	
2547.715515	-1.732652	
2547.717513	-1.732664	
2547.721514	-1.732729	
2547.723514	-1.732677	
2547.725515	-1.732639	
2547.727514	-1.732639	
2547.729514	-1.732626	
2547.731514	-1.732665	
2547.735513	-1.732599	
2547.737515	-1.732549	
2547.739515	-1.732444	
2547.743515	-1.732175	
2547.745515	-1.731682	
2547.747514	-1.731466	
2547.749515	-1.731246	
2547.751514	-1.684839	
2547.755514	-1.473270	
2547.759513	-1.102380	
2547.761515	-0.718896	
2547.763515	-0.500134	
2547.765514	-0.308494	
2547.767514	-0.118221	
2547.769515	0.100971	
2547.771515	0.297198	
2547.773515	0.480353	
2547.775514	0.683773	
2547.777514	0.855370	
2547.779513	1.046210	
2547.783515	1.241074	
2547.785514	1.528683	
2547.787514	1.528942	
2547.789513	1.528975	
2547.791513	1.528954	
2547.795513	1.528986	
2547.797513	1.529037	
2547.799514	1.528971	
2547.801515	1.528987	
2547.803515	1.528923	
2547.805514	1.528985	
2547.807515	1.528951	
2547.809514	1.528942	
2547.811515	1.528884	
2547.813514	1.529026	
2547.815515	1.528953	
2547.817514	1.528996	
2547.821514	1.528946	
2547.823514	1.528987	
2547.825514	1.528920	
2547.827514	1.529011	
2547.829515	1.528928	
2547.831515	1.528943	
2547.835514	1.528944	
2547.837515	1.529028	
2547.839515	1.528909	
2547.843515	1.528954	
2547.845513	1.528967	
2547.847514	1.528916	
2547.849515	1.528956	
2547.851515	1.528943	
2547.853515	1.528962	
2547.857514	1.529014	
2547.861515	1.528968	
2547.863515	1.528946	
2547.865515	1.529005	
2547.867516	1.528982	
2547.869514	1.528947	
2547.873513	1.528917	
2547.875515	1.529010	
2547.877513	1.528953	
2547.879515	1.528909	
2547.881514	1.528913	
2547.883515	1.528968	
2547.885515	1.529013	
2547.887516	1.528888	
2547.889515	1.528961	
2547.891515	1.529005	
2547.893514	1.528958	
2547.895514	1.528955	
2547.899514	1.528925	
2547.901515	1.529000	
2547.903515	1.528944	
2547.905514	1.528969	
2547.907515	1.528970	
2547.909515	1.528970	
2547.913513	1.528931	
2547.915515	1.528968	
2547.917513	1.528945	
2547.921515	1.528925	
2547.923514	1.528971	
2547.925515	1.528934	
2547.927514	1.528951	
2547.929513	1.528967	
2547.931514	1.529005	
2547.935514	1.528969	
2547.939515	1.528972	
2547.941514	1.528999	
2547.943515	1.529009	
2547.945514	1.529040	
2547.947514	1.529054	
2547.951514	1.528992	
2547.953515	1.529005	
2547.955514	1.529064	
2547.957515	1.529025	
2547.959515	1.528975	
2547.961515	1.528996	
2547.963515	1.529017	
2547.965516	1.528978	
2547.967515	1.528940	
2547.969515	1.528895	
2547.971514	1.528777	
2547.973515	1.527044	
2547.975515	1.490781	
2547.979516	1.403294	
2547.981515	1.298482	
2547.983515	1.226884	
2547.985515	1.182178	
2547.987515	1.139771	
2547.991513	1.081589	
2547.993514	0.974275	
2547.995515	0.912407	
2547.999515	0.879224	
2548.001515	0.798920	
2548.003514	0.777246	
2548.005514	0.724197	
2548.007514	0.699946	
2548.009514	0.667625	
2548.013515	0.605750	
2548.017515	0.541778	
2548.019515	0.511070	
2548.021514	0.480662	
2548.023514	0.450664	
2548.025515	0.441108	
2548.029513	0.399843	
2548.031514	0.346526	
2548.033514	0.312048	
2548.035515	0.306504	
2548.037517	0.305201	
2548.039514	0.283727	
2548.041514	0.279970	
2548.043515	0.255471	
2548.045514	0.224307	
2548.047514	0.220400	
2548.049516	0.183143	
2548.051515	0.167777	
2548.055514	0.171065	
2548.057516	0.149815	
2548.059514	0.151498	
2548.061515	0.123196	
2548.063514	0.119047	
2548.065514	0.108114	
2548.069514	0.085478	
2548.071514	0.072532	
2548.073514	0.060096	
2548.077515	0.065856	
2548.079515	0.047081	
2548.081514	0.047608	
2548.083515	0.021341	
2548.085514	0.032472	
2548.087514	0.034681	
2548.091514	0.006923	
2548.095515	0.000767	
2548.097515	0.000528	
2548.099515	-0.015909	
2548.101514	-0.021578	
2548.103514	-0.008635	
2548.107514	-0.020971	
2548.109515	-0.031922	
2548.111514	-0.052801	
2548.113514	-0.048312	
2548.115515	-0.048780	
2548.117515	-0.053694	
2548.119515	-0.037511	
2548.121514	-0.044118	
2548.123515	-0.046539	
2548.125515	-0.037107	
2548.127514	-0.066699	
2548.129515	-0.076068	
2548.131514	-0.070938	
2548.135515	-0.089438	
2548.137514	-0.055398	
2548.139514	-0.065533	
2548.141515	-0.053621	
2548.143514	-0.060971	
2548.147513	-0.079196	
2548.149513	-0.096685	
2548.151515	-0.095335	
2548.155515	-0.077764	
2548.157514	-0.068350	
2548.159514	-0.064922	
2548.161514	-0.085889	
2548.163515	-0.075826	
2548.165515	-0.082000	
2548.169514	-0.101123	
2548.173515	-0.089373	
2548.175514	-0.062337	
2548.177515	-0.079117	
2548.179515	-0.084306	
2548.181515	-0.076319	
2548.185514	-0.094504	
2548.187515	-0.083989	
2548.189514	-0.096346	
2548.191514	-0.079053	
2548.193515	-0.078311	
2548.195515	-0.088837	
2548.197513	-0.072868	
2548.199514	-0.089579	
2548.201515	-0.087512	
2548.203515	-0.067215	
2548.205515	-0.089861	
2548.207514	-0.083771	
2548.211515	-0.080613	
2548.213515	-0.081694	
2548.215514	-0.080936	
2548.217514	-0.089137	
2548.219515	-0.070645	
2548.221515	-0.073150	
2548.225513	-0.073574	
2548.227514	-0.092734	
2548.229514	-0.093045	
2548.233515	-0.086506	
2548.235514	-0.073793	
2548.237515	-0.063184	
2548.239515	-0.076466	
2548.241515	-0.058510	
2548.245514	-0.063909	
2548.247514	-0.079203	
2548.251515	-0.096380	
2548.253514	-0.059265	
2548.255515	-0.068743	
2548.257514	-0.062493	
2548.259514	-0.058328	
2548.263513	-0.075310	
2548.265516	-0.085107	
2548.267515	-0.094989	
2548.269515	-0.074203	
2548.271516	-0.068796	
2548.273514	-0.065080	
2548.275515	-0.048556	
2548.277514	-0.068472	
2548.279515	-0.070403	
2548.281514	-0.060643	
2548.283516	-0.091847	
2548.285514	-0.077531	
2548.289514	-0.066816	
2548.291514	-0.056434	
2548.293515	-0.052663	
2548.295514	-0.068653	
2548.297514	-0.055239	
2548.299514	-0.068949	
2548.301514	-0.064971	
2548.303514	-0.052581	
2548.305515	-0.071500	
2548.307516	-0.061534	
2548.309514	-0.056699	
2548.313515	-0.075720	
2548.315516	-0.055431	
2548.317515	-0.064612	
2548.319515	-0.045925	
2548.321514	-0.047436	
2548.325513	-0.050405	
2548.327515	-0.067305	
2548.329514	-0.070248	
2548.331515	-0.060988	
2548.333516	-0.070427	
2548.335515	-0.049033	
2548.337515	-0.036443	
2548.339515	-0.052475	
2548.341514	-0.032686	
2548.343515	-0.038797	
2548.345516	-0.066649	
2548.347515	-0.057333	
2548.351515	-0.069541	
2548.353515	-0.045910	
2548.355515	-0.047887	
2548.357514	-0.038001	
2548.359514	-0.036218	
2548.361514	-0.052498	
2548.365513	-0.045763	
2548.367514	-0.075164	
2548.369515	-0.053856	
2548.373515	-0.056847	
2548.375514	-0.031750	
2548.377514	-0.048160	
2548.379515	-0.053697	
2548.381515	-0.044559	
2548.383514	-0.061305	
2548.387514	-0.061689	
2548.391514	-0.066002	
2548.393514	-0.041812	
2548.395514	-0.060881	
2548.397514	-0.049536	
2548.399515	-0.063988	
2548.403513	-0.062268	
2548.405513	-0.071585	
2548.407514	-0.063125	
2548.409515	-0.060216	
2548.411516	-0.070695	
2548.413515	-0.057726	
2548.415514	-0.061394	
2548.417514	-0.075857	
2548.419515	-0.055672	
2548.421516	-0.060671	
2548.423515	-0.075095	
2548.425514	-0.064906	
2548.429514	-0.083526	
2548.431515	-0.076686	
2548.433514	-0.090646	
2548.435515	-0.078369	
2548.437514	-0.068929	
2548.439516	-0.086159	
2548.443513	-0.070362	
2548.445514	-0.115740	
2548.447513	-0.105361	
2548.451515	-0.121693	
2548.453515	-0.094253	
2548.455515	-0.108757	
2548.457514	-0.106990	
2548.459515	-0.105749	
2548.463513	-0.128553	
2548.465514	-0.149306	
2548.469515	-0.166121	
2548.471515	-0.145918	
2548.473515	-0.158621	
2548.475515	-0.149700	
2548.477515	-0.175119	
2548.481513	-0.185623	
2548.483514	-0.226187	
2548.485514	-0.223369	
2548.489515	-0.219911	
2548.491516	-0.223849	
2548.493515	-0.241897	
2548.495515	-0.273764	
2548.497514	-0.271983	
2548.499515	-0.294902	
2548.503514	-0.318288	
2548.507515	-0.344223	
2548.509514	-0.347624	
2548.511514	-0.382944	
2548.513515	-0.396037	
2548.515515	-0.418323	
2548.519513	-0.447122	
2548.521514	-0.482038	
2548.523515	-0.505305	
2548.525514	-0.510193	
2548.527516	-0.542110	
2548.529515	-0.565973	
2548.531515	-0.580267	
2548.533514	-0.628474	
2548.535515	-0.641773	
2548.537515	-0.659496	
2548.539514	-0.712592	
2548.541515	-0.732536	
2548.543513	-0.771283	
2548.547516	-0.826434	
2548.549515	-0.884971	
2548.551515	-0.921806	
2548.553514	-0.945316	
2548.555515	-0.999642	
2548.559513	-1.032765	
2548.563514	-1.154062	
2548.565515	-1.246339	
2548.567515	-1.306481	
2548.569515	-1.335259	
2548.571515	-1.395057	
2548.573514	-1.460729	
2548.577513	-1.508841	
2548.579514	-1.683257	
2548.581513	-1.726263	
2548.583514	-1.731236	
2548.585515	-1.731244	
2548.587514	-1.731321	
2548.589514	-1.731474	
2548.591515	-1.731536	
2548.593516	-1.731665	
2548.595515	-1.731777	
2548.597514	-1.731887	
2548.599515	-1.732081	
2548.603514	-1.732197	
2548.605515	-1.732423	
2548.607514	-1.732449	
2548.609514	-1.732606	
2548.611516	-1.732647	
2548.613515	-1.732647	
2548.617513	-1.732659	
2548.619514	-1.732705	
2548.621515	-1.732720	
2548.625515	-1.732719	
2548.627514	-1.732665	
2548.629515	-1.732682	
2548.631515	-1.732673	
2548.633514	-1.732667	
2548.637514	-1.732644	
2548.641513	-1.732680	
2548.643515	-1.732718	
2548.645514	-1.732695	
2548.647514	-1.732696	
2548.649514	-1.732703	
2548.651517	-1.732635	
2548.653519	-1.732643	
2548.655514	-1.732647	
2548.657515	-1.732683	
2548.659515	-1.732677	
2548.661515	-1.732665	
2548.665515	-1.732686	
2548.667514	-1.732659	
2548.669514	-1.732670	
2548.671514	-1.732656	
2548.673514	-1.732686	
2548.677513	-1.732677	
2548.679515	-1.732656	
2548.681515	-1.732677	
2548.685515	-1.732721	
2548.687515	-1.732630	
2548.689514	-1.732673	
2548.691515	-1.732662	
2548.693515	-1.732686	
2548.695515	-1.732659	
2548.697515	-1.732709	
2548.699514	-1.732713	
2548.701514	-1.732717	
2548.705515	-1.732717	
2548.707515	-1.732666	
2548.709515	-1.732722	
2548.711515	-1.732705	
2548.713514	-1.732674	
2548.717514	-1.732663	
2548.721513	-1.732624	
2548.723515	-1.732656	
2548.725515	-1.732635	
2548.727514	-1.732652	
2548.729514	-1.732720	
2548.731514	-1.732722	
2548.733516	-1.732681	
2548.735515	-1.732665	
2548.737514	-1.732689	
2548.739515	-1.732684	
2548.741515	-1.732708	
2548.745514	-1.732693	
2548.747515	-1.732640	
2548.749514	-1.732697	
2548.751513	-1.732670	
2548.753514	-1.732659	
2548.757513	-1.732602	
2548.759514	-1.732604	
2548.761514	-1.732543	
2548.765514	-1.732405	
2548.767513	-1.731862	
2548.769514	-1.731600	
2548.771514	-1.731339	
2548.773515	-1.723210	
2548.777513	-1.552853	
2548.781513	-1.189813	
2548.783515	-0.789183	
2548.785515	-0.567719	
2548.787514	-0.351055	
2548.789514	-0.162931	
2548.791516	0.062608	
2548.793515	0.261042	
2548.795515	0.426530	
2548.797513	0.633705	
2548.799516	0.819251	
2548.801515	1.015363	
2548.805514	1.228874	
2548.807514	1.528343	
2548.809515	1.528968	
2548.811514	1.529015	
2548.813514	1.528956	
2548.817513	1.528958	
2548.819514	1.528994	
2548.821514	1.529005	
2548.823513	1.528990	
2548.825515	1.528972	
2548.827515	1.528967	
2548.829514	1.529009	
2548.831514	1.529037	
2548.833515	1.528988	
2548.835514	1.529001	
2548.837514	1.529038	
2548.839514	1.529004	
2548.843514	1.529039	
2548.845515	1.529004	
2548.847515	1.528980	
2548.849515	1.529002	
2548.851515	1.529043	
2548.853515	1.528983	
2548.857513	1.528972	
2548.859515	1.528993	
2548.861515	1.528957	
2548.865515	1.528978	
2548.867514	1.528906	
2548.869514	1.528961	
2548.871514	1.528912	
2548.873514	1.528981	
2548.875514	1.528960	
2548.879514	1.529013	
2548.883515	1.528966	
2548.885515	1.528975	
2548.887516	1.528955	
2548.889514	1.528996	
2548.891513	1.528975	
2548.895514	1.528942	
2548.897515	1.529083	
2548.899514	1.529001	
2548.901514	1.529023	
2548.903514	1.528940	
2548.905515	1.528982	
2548.907514	1.528970	
2548.909514	1.528992	
2548.911514	1.528993	
2548.913516	1.528990	
2548.915515	1.528980	
2548.917514	1.528934	
2548.919513	1.528928	
2548.923515	1.528953	
2548.925515	1.528952	
2548.927514	1.528974	
2548.929514	1.528991	
2548.931515	1.528966	
2548.935513	1.528962	
2548.937514	1.528933	
2548.939515	1.528994	
2548.943514	1.528980	
2548.945515	1.529030	
2548.947515	1.528986	
2548.949515	1.528943	
2548.951514	1.528920	
2548.953515	1.528942	
2548.957516	1.528934	
2548.961515	1.528996	
2548.963515	1.528930	
2548.965515	1.528978	
2548.967516	1.529023	
2548.969515	1.529018	
2548.973514	1.528986	
2548.975515	1.529024	
2548.977514	1.528947	
2548.979514	1.528934	
2548.981515	1.528981	
2548.983515	1.528949	
2548.985515	1.529026	
2548.987515	1.529023	
2548.989515	1.528999	
2548.991515	1.529001	
2548.993515	1.528984	
2548.995513	1.528988	
2548.997518	1.528868	
2549.001515	1.523827	
2549.003516	1.426166	
2549.005513	1.346479	
2549.007515	1.287777	
2549.009514	1.234214	
2549.013514	1.159168	
2549.015515	1.038877	
2549.017514	0.970375	
2549.021515	0.936737	
2549.023514	0.849718	
2549.025514	0.822552	
2549.027513	0.760732	
2549.029515	0.714549	
2549.031515	0.682907	
2549.035514	0.619084	
2549.039515	0.567489	
2549.041514	0.518583	
2549.043514	0.486768	
2549.045515	0.434957	
2549.047514	0.422016	
2549.051513	0.384568	
2549.053515	0.338580	
2549.055515	0.308539	
2549.057515	0.295606	
2549.059514	0.290880	
2549.061515	0.258454	
2549.063514	0.248199	
2549.065514	0.225803	
2549.067514	0.194748	
2549.069514	0.199103	
2549.071513	0.172293	
2549.073515	0.146153	
2549.077515	0.151644	
2549.079515	0.111124	
2549.081514	0.115158	
2549.083514	0.089402	
2549.085515	0.085338	
2549.087515	0.089052	
2549.091513	0.068280	
2549.093514	0.046025	
2549.095515	0.019943	
2549.099515	0.026109	
2549.101514	0.012153	
2549.103514	0.020934	
2549.105514	0.001889	
2549.107515	0.003116	
2549.109515	0.007338	
2549.113514	-0.025632	
2549.117514	-0.036651	
2549.119515	-0.028735	
2549.121515	-0.032813	
2549.123515	-0.045896	
2549.125514	-0.032711	
2549.129514	-0.048290	
2549.131515	-0.068742	
2549.133515	-0.089448	
2549.135515	-0.081995	
2549.137515	-0.062072	
2549.139515	-0.073107	
2549.141514	-0.058769	
2549.143514	-0.064354	
2549.145515	-0.085562	
2549.147514	-0.073548	
2549.149515	-0.100645	
2549.151514	-0.106776	
2549.155514	-0.090394	
2549.157514	-0.091931	
2549.159515	-0.075500	
2549.161514	-0.094364	
2549.163515	-0.091376	
2549.165515	-0.091041	
2549.169513	-0.107069	
2549.171514	-0.106518	
2549.173514	-0.114594	
2549.177515	-0.094618	
2549.179513	-0.102479	
2549.181516	-0.092870	
2549.183516	-0.112717	
2549.185515	-0.102983	
2549.189513	-0.087645	
2549.191514	-0.100813	
2549.195514	-0.103215	
2549.197514	-0.094442	
2549.199515	-0.104814	
2549.201514	-0.109275	
2549.203514	-0.090748	
2549.207514	-0.099016	
2549.209514	-0.097994	
2549.211515	-0.116796	
2549.213515	-0.110801	
2549.215515	-0.102479	
2549.217515	-0.110170	
2549.219515	-0.088893	
2549.221515	-0.093787	
2549.223515	-0.098352	
2549.225515	-0.077307	
2549.227515	-0.103999	
2549.229517	-0.115772	
2549.233514	-0.104050	
2549.235514	-0.108677	
2549.237514	-0.084239	
2549.239515	-0.094013	
2549.241514	-0.080162	
2549.243514	-0.081258	
2549.245514	-0.100057	
2549.247513	-0.091407	
2549.249515	-0.112385	
2549.251515	-0.113500	
2549.253515	-0.094748	
2549.257515	-0.103921	
2549.259514	-0.072415	
2549.261516	-0.092003	
2549.263515	-0.084952	
2549.265514	-0.084134	
2549.269513	-0.098976	
2549.271514	-0.093859	
2549.273515	-0.100126	
2549.277514	-0.079979	
2549.279514	-0.086335	
2549.281514	-0.074895	
2549.283515	-0.096877	
2549.285515	-0.083306	
2549.289513	-0.067824	
2549.291515	-0.078903	
2549.295515	-0.080331	
2549.297515	-0.070052	
2549.299515	-0.080784	
2549.301514	-0.084766	
2549.303515	-0.065965	
2549.307513	-0.074360	
2549.309515	-0.072349	
2549.311514	-0.089443	
2549.315514	-0.083074	
2549.317515	-0.082542	
2549.319514	-0.062092	
2549.321514	-0.062705	
2549.323514	-0.067908	
2549.325515	-0.047044	
2549.329514	-0.074824	
2549.333515	-0.069908	
2549.335514	-0.067656	
2549.337514	-0.049452	
2549.339515	-0.065567	
2549.341515	-0.048535	
2549.345513	-0.046239	
2549.347515	-0.065917	
2549.349514	-0.079848	
2549.351514	-0.079317	
2549.353515	-0.053149	
2549.355515	-0.057740	
2549.357515	-0.047637	
2549.359515	-0.040575	
2549.361515	-0.056999	
2549.363515	-0.049393	
2549.365514	-0.060985	
2549.367514	-0.080000	
2549.371515	-0.059537	
2549.373515	-0.061380	
2549.375515	-0.032165	
2549.377515	-0.046009	
2549.379514	-0.052481	
2549.381515	-0.042580	
2549.385514	-0.057250	
2549.387515	-0.048610	
2549.389514	-0.062607	
2549.393514	-0.046638	
2549.395513	-0.052333	
2549.397515	-0.035967	
2549.399516	-0.052164	
2549.401515	-0.051040	
2549.405513	-0.034004	
2549.407514	-0.050702	
2549.411515	-0.042511	
2549.413513	-0.041082	
2549.415515	-0.037839	
2549.417515	-0.056224	
2549.419514	-0.036687	
2549.423515	-0.034236	
2549.425514	-0.036058	
2549.427515	-0.050637	
2549.431514	-0.057247	
2549.433515	-0.049505	
2549.435514	-0.039877	
2549.437514	-0.028426	
2549.439514	-0.041853	
2549.441514	-0.025805	
2549.445514	-0.036855	
2549.449515	-0.046065	
2549.451515	-0.047197	
2549.453515	-0.029536	
2549.455515	-0.041526	
2549.457514	-0.033817	
2549.461513	-0.023902	
2549.463514	-0.054277	
2549.465514	-0.055501	
2549.467515	-0.070909	
2549.469515	-0.043510	
2549.471515	-0.039476	
2549.473514	-0.047025	
2549.475515	-0.029005	
2549.477514	-0.045806	
2549.479514	-0.053345	
2549.481515	-0.054195	
2549.483515	-0.077782	
2549.487514	-0.073051	
2549.489515	-0.067835	
2549.491515	-0.046711	
2549.493514	-0.047059	
2549.495515	-0.070181	
2549.497514	-0.060555	
2549.501513	-0.072044	
2549.503515	-0.079576	
2549.505515	-0.093907	
2549.509514	-0.088541	
2549.511514	-0.092088	
2549.513515	-0.089517	
2549.515516	-0.094419	
2549.517514	-0.115532	
2549.521513	-0.100713	
2549.523513	-0.131707	
2549.527515	-0.116295	
2549.529514	-0.136678	
2549.531515	-0.130886	
2549.533514	-0.158082	
2549.535515	-0.155015	
2549.539513	-0.144941	
2549.541515	-0.171920	
2549.543515	-0.181577	
2549.545514	-0.211273	
2549.547516	-0.197579	
2549.549514	-0.213740	
2549.551515	-0.223206	
2549.553514	-0.219278	
2549.555515	-0.239629	
2549.557515	-0.243060	
2549.559515	-0.255735	
2549.561513	-0.292613	
2549.565514	-0.299896	
2549.567515	-0.339388	
2549.569513	-0.327586	
2549.571515	-0.340270	
2549.573513	-0.365552	
2549.575513	-0.362741	
2549.579514	-0.394592	
2549.581514	-0.446430	
2549.583515	-0.483357	
2549.587514	-0.497643	
2549.589514	-0.523347	
2549.591514	-0.530114	
2549.593514	-0.558551	
2549.595513	-0.606047	
2549.599513	-0.619912	
2549.601514	-0.708611	
2549.605516	-0.724485	
2549.607516	-0.784313	
2549.609514	-0.811023	
2549.611515	-0.872067	
2549.613515	-0.907276	
2549.617513	-0.946698	
2549.619514	-1.049930	
2549.621515	-1.098056	
2549.625515	-1.155002	
2549.627513	-1.244092	
2549.629514	-1.308822	
2549.631515	-1.350934	
2549.633514	-1.429698	
2549.637513	-1.489768	
2549.641513	-1.635308	
2549.643515	-1.729607	
2549.645513	-1.731242	
2549.647514	-1.731257	
2549.649515	-1.731399	
2549.651514	-1.731486	
2549.655513	-1.731529	
2549.657515	-1.731775	
2549.659515	-1.731930	
2549.661514	-1.732082	
2549.663515	-1.732200	
2549.665514	-1.732287	
2549.667515	-1.732427	
2549.669514	-1.732453	
2549.671515	-1.732582	
2549.675514	-1.732691	
2549.679513	-1.732632	
2549.681515	-1.732651	
2549.683514	-1.732680	
2549.685515	-1.732656	
2549.687515	-1.732656	
2549.689515	-1.732655	
2549.691515	-1.732674	
2549.693514	-1.732704	
2549.695515	-1.732675	
2549.697513	-1.732675	
2549.701514	-1.732702	
2549.703516	-1.732698	
2549.705515	-1.732657	
2549.707515	-1.732680	
2549.709514	-1.732633	
2549.711515	-1.732647	
2549.715513	-1.732662	
2549.717515	-1.732726	
2549.719515	-1.732686	
2549.723515	-1.732661	
2549.725514	-1.732608	
2549.727514	-1.732669	
2549.729515	-1.732623	
2549.731514	-1.732617	
2549.733514	-1.732619	
2549.735515	-1.732672	
2549.737514	-1.732641	
2549.739514	-1.732679	
2549.743516	-1.732692	
2549.745515	-1.732643	
2549.747514	-1.732701	
2549.749514	-1.732679	
2549.751515	-1.732610	
2549.755514	-1.732639	
2549.759513	-1.732697	
2549.761515	-1.732710	
2549.763515	-1.732667	
2549.765514	-1.732693	
2549.767515	-1.732749	
2549.769516	-1.732692	
2549.771514	-1.732670	
2549.773514	-1.732691	
2549.775515	-1.732675	
2549.777514	-1.732705	
2549.779515	-1.732684	
2549.783515	-1.732680	
2549.785514	-1.732688	
2549.787515	-1.732684	
2549.789514	-1.732697	
2549.791514	-1.732658	
2549.795513	-1.732636	
2549.799513	-1.732667	
2549.801515	-1.732680	
2549.803514	-1.732661	
2549.805514	-1.732660	
2549.807514	-1.732713	
2549.809514	-1.732698	
2549.811514	-1.732664	
2549.813515	-1.732607	
2549.815514	-1.732511	
2549.817515	-1.732333	
2549.821514	-1.732052	
2549.823514	-1.731554	
2549.825514	-1.731330	
2549.827515	-1.731145	
2549.829514	-1.605515	
2549.831514	-1.394115	
2549.833515	-1.221835	
2549.835515	-1.028632	
2549.837515	-0.819861	
2549.839515	-0.636057	
2549.841514	-0.420717	
2549.845515	-0.216891	
2549.847514	0.190751	
2549.849514	0.375985	
2549.851519	0.568171	
2549.853515	0.787530	
2549.857513	0.978426	
2549.859514	1.359205	
2549.861514	1.512543	
2549.865515	1.528974	
2549.867516	1.529026	
2549.869515	1.529023	
2549.871515	1.528986	
2549.873515	1.528984	
2549.875515	1.528996	
2549.879515	1.529054	
2549.883515	1.528983	
2549.885514	1.528959	
2549.887515	1.529056	
2549.889514	1.528989	
2549.891514	1.528988	
2549.895513	1.528982	
2549.897514	1.528980	
2549.899514	1.528989	
2549.901513	1.528975	
2549.903515	1.528950	
2549.905515	1.528964	
2549.907515	1.529031	
2549.909514	1.529036	
2549.911514	1.528980	
2549.913515	1.528975	
2549.915515	1.528970	
2549.917515	1.528973	
2549.919515	1.528983	
2549.923514	1.529036	
2549.925514	1.528980	
2549.927514	1.528945	
2549.929515	1.528984	
2549.931514	1.528970	
2549.935513	1.528983	
2549.937514	1.529052	
2549.939514	1.529003	
2549.941514	1.528991	
2549.943514	1.529050	
2549.945515	1.529003	
2549.947514	1.528988	
2549.949515	1.528985	
2549.951514	1.528988	
2549.953515	1.529025	
2549.955513	1.528967	
2549.957515	1.528964	
2549.961514	1.528968	
2549.963515	1.529013	
2549.965515	1.528971	
2549.967514	1.529002	
2549.969514	1.529007	
2549.971513	1.528963	
2549.975514	1.528970	
2549.977514	1.529036	
2549.979513	1.529012	
2549.983515	1.529033	
2549.985514	1.529029	
2549.987521	1.528963	
2549.989515	1.529033	
2549.991514	1.528975	
2549.993515	1.528971	
2549.997515	1.529048	
2550.001514	1.528963	
2550.003514	1.528996	
2550.005514	1.528935	
2550.007514	1.529023	
2550.009515	1.528976	
2550.013514	1.528986	
2550.015515	1.528996	
2550.017515	1.529025	
2550.019514	1.528968	
2550.021516	1.529004	
2550.023515	1.528928	
2550.025515	1.528947	
2550.027515	1.528990	
2550.029514	1.528957	
2550.031514	1.528975	
2550.033515	1.529014	
2550.035514	1.528993	
2550.037516	1.528944	
2550.041514	1.528946	
2550.043515	1.528958	
2550.045514	1.528911	
2550.047514	1.528897	
2550.049515	1.528386	
2550.053513	1.498074	
2550.055515	1.364902	
2550.057514	1.305744	
2550.061515	1.259340	
2550.063515	1.148171	
2550.065514	1.105071	
2550.067515	1.034463	
2550.069514	1.004384	
2550.071515	0.963775	
2550.075516	0.898548	
2550.079515	0.813983	
2550.081514	0.749317	
2550.083515	0.696812	
2550.085513	0.665277	
2550.087514	0.651912	
2550.091513	0.608579	
2550.093515	0.545781	
2550.095514	0.497419	
2550.097514	0.484804	
2550.099515	0.457636	
2550.101515	0.433141	
2550.103514	0.428763	
2550.105513	0.398349	
2550.107514	0.381073	
2550.109514	0.369042	
2550.111514	0.322940	
2550.113514	0.302804	
2550.115515	0.288971	
2550.119515	0.254612	
2550.121514	0.259482	
2550.123514	0.233245	
2550.125514	0.234049	
2550.127513	0.207139	
2550.131514	0.182410	
2550.133514	0.136927	
2550.135514	0.129410	
2550.137515	0.138649	
2550.139515	0.119338	
2550.141515	0.128699	
2550.143514	0.119478	
2550.145515	0.088342	
2550.147514	0.091633	
2550.149515	0.074633	
2550.151516	0.051797	
2550.153514	0.057678	
2550.157514	0.043308	
2550.159514	0.047396	
2550.161514	0.029914	
2550.163515	0.026410	
2550.165515	0.024499	
2550.167515	0.001552	
2550.169515	0.015394	
2550.171515	0.007568	
2550.173515	-0.015625	
2550.175515	-0.003636	
2550.177515	-0.018409	
2550.181515	-0.037691	
2550.183515	-0.034692	
2550.185516	-0.031646	
2550.187514	-0.019072	
2550.189515	-0.036058	
2550.193513	-0.026327	
2550.195514	-0.064886	
2550.197515	-0.056678	
2550.199515	-0.066188	
2550.201519	-0.066616	
2550.203514	-0.042914	
2550.205517	-0.050945	
2550.207514	-0.053695	
2550.209514	-0.040546	
2550.211514	-0.060903	
2550.213514	-0.073952	
2550.215514	-0.074001	
2550.219514	-0.090244	
2550.221515	-0.066943	
2550.223514	-0.068735	
2550.225514	-0.050464	
2550.227515	-0.062525	
2550.229514	-0.077627	
2550.233513	-0.063610	
2550.235514	-0.092742	
2550.237517	-0.075480	
2550.241515	-0.089178	
2550.243515	-0.062290	
2550.245514	-0.084001	
2550.247514	-0.073718	
2550.249515	-0.081758	
2550.251514	-0.087605	
2550.255515	-0.079099	
2550.259514	-0.088320	
2550.261515	-0.082875	
2550.263516	-0.079994	
2550.265514	-0.074469	
2550.267514	-0.094603	
2550.271513	-0.074111	
2550.273515	-0.093881	
2550.275513	-0.076522	
2550.277516	-0.089438	
2550.279515	-0.091892	
2550.281515	-0.071342	
2550.283515	-0.087536	
2550.285515	-0.086859	
2550.287514	-0.063423	
2550.289515	-0.078997	
2550.291515	-0.079284	
2550.293514	-0.080007	
2550.297514	-0.100886	
2550.299514	-0.090808	
2550.301515	-0.089580	
2550.303515	-0.067920	
2550.305514	-0.075096	
2550.307514	-0.074527	
2550.311513	-0.060096	
2550.313514	-0.091270	
2550.315515	-0.085244	
2550.319515	-0.103101	
2550.321514	-0.061632	
2550.323515	-0.072790	
2550.325515	-0.056077	
2550.327514	-0.065470	
2550.331513	-0.078850	
2550.335513	-0.095536	
2550.337515	-0.065010	
2550.339514	-0.068200	
2550.341515	-0.056342	
2550.343515	-0.054761	
2550.345514	-0.074696	
2550.349514	-0.059752	
2550.351514	-0.091921	
2550.353515	-0.069486	
2550.357515	-0.076047	
2550.359515	-0.047492	
2550.361514	-0.066913	
2550.363514	-0.065742	
2550.365515	-0.057453	
2550.367514	-0.077017	
2550.371514	-0.068296	
2550.375515	-0.075836	
2550.377514	-0.052641	
2550.379514	-0.064095	
2550.381515	-0.054204	
2550.383515	-0.068310	
2550.387514	-0.060733	
2550.389515	-0.071773	
2550.391515	-0.059879	
2550.393515	-0.056918	
2550.395517	-0.066560	
2550.397515	-0.050864	
2550.399514	-0.058137	
2550.401515	-0.066533	
2550.403515	-0.043741	
2550.405515	-0.051575	
2550.407514	-0.060913	
2550.409514	-0.050103	
2550.411515	-0.070380	
2550.415515	-0.069188	
2550.417514	-0.068067	
2550.419515	-0.049571	
2550.421515	-0.044493	
2550.423516	-0.054175	
2550.427513	-0.035200	
2550.429514	-0.074489	
2550.431514	-0.060048	
2550.435515	-0.076723	
2550.437515	-0.034833	
2550.439515	-0.048982	
2550.441515	-0.039340	
2550.443515	-0.038871	
2550.445515	-0.055563	
2550.449515	-0.055957	
2550.453514	-0.074405	
2550.455514	-0.045261	
2550.457516	-0.046876	
2550.459514	-0.037079	
2550.461515	-0.054137	
2550.465514	-0.051372	
2550.467514	-0.080656	
2550.469514	-0.065629	
2550.471514	-0.059855	
2550.473515	-0.062211	
2550.475515	-0.038881	
2550.477515	-0.049483	
2550.479516	-0.065609	
2550.481513	-0.051986	
2550.483515	-0.069457	
2550.485514	-0.077336	
2550.487515	-0.062487	
2550.491514	-0.077009	
2550.493515	-0.061711	
2550.495514	-0.072919	
2550.497515	-0.063392	
2550.499514	-0.071865	
2550.501514	-0.081868	
2550.505514	-0.061502	
2550.507514	-0.089318	
2550.509516	-0.076561	
2550.513515	-0.099820	
2550.515514	-0.083847	
2550.517515	-0.104922	
2550.519514	-0.093547	
2550.521514	-0.091053	
2550.523514	-0.104290	
2550.527515	-0.101657	
2550.531519	-0.139863	
2550.533516	-0.136822	
2550.535515	-0.138786	
2550.537514	-0.124026	
2550.539514	-0.143854	
2550.543514	-0.136331	
2550.545515	-0.179815	
2550.547514	-0.175170	
2550.549515	-0.191251	
2550.551515	-0.195644	
2550.553515	-0.177544	
2550.555513	-0.190071	
2550.557515	-0.199974	
2550.559514	-0.194535	
2550.561514	-0.222683	
2550.563514	-0.241601	
2550.565513	-0.250895	
2550.567518	-0.279274	
2550.571515	-0.274578	
2550.573515	-0.288179	
2550.575514	-0.281036	
2550.577514	-0.308359	
2550.579514	-0.333572	
2550.583513	-0.335161	
2550.585514	-0.395850	
2550.587514	-0.390066	
2550.591515	-0.421111	
2550.593515	-0.431140	
2550.595515	-0.468445	
2550.597515	-0.481767	
2550.599514	-0.505464	
2550.603513	-0.531057	
2550.605515	-0.577526	
2550.609515	-0.605266	
2550.611514	-0.651899	
2550.613515	-0.681177	
2550.615514	-0.708107	
2550.617513	-0.757607	
2550.621513	-0.773993	
2550.623515	-0.868192	
2550.625514	-0.887441	
2550.629514	-0.938057	
2550.631514	-1.012169	
2550.633515	-1.073625	
2550.635515	-1.122466	
2550.637515	-1.151731	
2550.641515	-1.216484	
2550.645513	-1.325577	
2550.647515	-1.449413	
2550.649514	-1.512924	
2550.651515	-1.585996	
2550.653515	-1.634460	
2550.655515	-1.709398	
2550.659514	-1.731076	
2550.661514	-1.731276	
2550.663515	-1.731420	
2550.665519	-1.731534	
2550.667514	-1.731719	
2550.669515	-1.731735	
2550.671515	-1.731859	
2550.673514	-1.731967	
2550.675513	-1.732043	
2550.679514	-1.732193	
2550.683513	-1.732438	
2550.685515	-1.732621	
2550.687514	-1.732628	
2550.689515	-1.732680	
2550.691515	-1.732694	
2550.693515	-1.732697	
2550.697515	-1.732691	
2550.699515	-1.732651	
2550.701513	-1.732695	
2550.705514	-1.732662	
2550.707514	-1.732684	
2550.709515	-1.732682	
2550.711516	-1.732660	
2550.713514	-1.732713	
2550.715514	-1.732699	
2550.717514	-1.732682	
2550.719515	-1.732694	
2550.721520	-1.732672	
2550.725514	-1.732747	
2550.727514	-1.732726	
2550.729513	-1.732684	
2550.731514	-1.732718	
2550.733515	-1.732662	
2550.737514	-1.732732	
2550.741513	-1.732672	
2550.743515	-1.732692	
2550.745516	-1.732688	
2550.747515	-1.732699	
2550.749515	-1.732643	
2550.751515	-1.732625	
2550.753515	-1.732697	
2550.755515	-1.732660	
2550.757515	-1.732695	
2550.759515	-1.732694	
2550.763514	-1.732727	
2550.765515	-1.732685	
2550.767514	-1.732689	
2550.769515	-1.732663	
2550.771515	-1.732691	
2550.773514	-1.732658	
2550.777514	-1.732715	
2550.779514	-1.732706	
2550.781514	-1.732728	
2550.785514	-1.732744	
2550.787516	-1.732684	
2550.789515	-1.732697	
2550.791514	-1.732697	
2550.793514	-1.732650	
2550.797513	-1.732674	
2550.801514	-1.732678	
2550.803515	-1.732697	
2550.805515	-1.732655	
2550.807515	-1.732650	
2550.809514	-1.732670	
2550.811515	-1.732677	
2550.813515	-1.732656	
2550.815517	-1.732702	
2550.817515	-1.732686	
2550.819515	-1.732704	
2550.823515	-1.732726	
2550.825514	-1.732679	
2550.827514	-1.732732	
2550.829514	-1.732672	
2550.831515	-1.732689	
2550.833514	-1.732666	
2550.835515	-1.732598	
2550.837515	-1.732525	
2550.839515	-1.732309	
2550.841515	-1.732123	
2550.843515	-1.731877	
2550.847514	-1.731641	
2550.849514	-1.730170	
2550.851515	-1.592925	
2550.853515	-1.368810	
2550.855514	-1.176213	
2550.859514	-0.975473	
2550.861514	-0.585009	
2550.863513	-0.385157	
2550.865513	-0.170061	
2550.867515	0.022712	
2550.869514	0.247882	
2550.871514	0.455423	
2550.873515	0.636092	
2550.875514	0.859200	
2550.879513	1.050215	
2550.881513	1.424283	
2550.885515	1.528176	
2550.887515	1.528984	
2550.889515	1.528981	
2550.891516	1.528979	
2550.893515	1.528980	
2550.897513	1.528969	
2550.899514	1.529056	
2550.901514	1.528983	
2550.903514	1.529014	
2550.905514	1.528968	
2550.907516	1.528985	
2550.909514	1.528939	
2550.911515	1.528988	
2550.913515	1.528994	
2550.915514	1.529017	
2550.917516	1.529001	
2550.919514	1.528992	
2550.921513	1.529023	
2550.925515	1.528979	
2550.927515	1.529013	
2550.929515	1.528960	
2550.931515	1.529050	
2550.933514	1.529017	
2550.937513	1.528934	
2550.939516	1.529016	
2550.941514	1.529004	
2550.945515	1.528979	
2550.947514	1.528997	
2550.949517	1.528968	
2550.951515	1.528990	
2550.953514	1.528952	
2550.955514	1.528982	
2550.957513	1.529018	
2550.961514	1.528966	
2550.963517	1.529001	
2550.965514	1.528995	
2550.967514	1.528993	
2550.969514	1.529026	
2550.971514	1.528976	
2550.973515	1.529003	
2550.975516	1.528947	
2550.977514	1.529012	
2550.979515	1.529008	
2550.981515	1.529024	
2550.985515	1.529029	
2550.987514	1.528935	
2550.989515	1.528905	
2550.991514	1.528950	
2550.993515	1.528903	
2550.997514	1.528949	
2550.999514	1.528997	
2551.001515	1.528971	
2551.005514	1.528934	
2551.007515	1.528966	
2551.009514	1.528996	
2551.011514	1.528992	
2551.013515	1.528937	
2551.015514	1.529013	
2551.019515	1.528997	
2551.023515	1.528986	
2551.025514	1.528950	
2551.027516	1.528982	
2551.029514	1.528928	
2551.031515	1.528987	
2551.035513	1.528947	
2551.037514	1.529010	
2551.039515	1.528985	
2551.041514	1.528904	
2551.043515	1.528951	
2551.045515	1.528971	
2551.047515	1.528912	
2551.049514	1.528976	
2551.051515	1.528923	
2551.053514	1.528950	
2551.055515	1.528970	
2551.057514	1.528979	
2551.061514	1.529037	
2551.063515	1.528978	
2551.065515	1.528919	
2551.067515	1.528975	
2551.069514	1.529037	
2551.071514	1.528960	
2551.075514	1.528916	
2551.077515	1.510701	
2551.079514	1.424785	
2551.083515	1.368911	
2551.085516	1.239292	
2551.087516	1.195302	
2551.089515	1.128993	
2551.091515	1.083580	
2551.093514	1.034361	
2551.097513	0.952367	
2551.101515	0.858027	
2551.103513	0.790620	
2551.105515	0.744436	
2551.107517	0.701454	
2551.109514	0.679645	
2551.113513	0.626276	
2551.115514	0.550771	
2551.117515	0.500010	
2551.119514	0.485272	
2551.121514	0.471387	
2551.123516	0.437915	
2551.125515	0.428738	
2551.127515	0.394163	
2551.129515	0.354499	
2551.131515	0.345168	
2551.133514	0.300238	
2551.135514	0.277452	
2551.137514	0.275262	
2551.141515	0.243972	
2551.143515	0.234792	
2551.145514	0.198976	
2551.147515	0.190591	
2551.149515	0.170055	
2551.153514	0.147234	
2551.155514	0.117169	
2551.157514	0.106674	
2551.161514	0.108809	
2551.163514	0.082740	
2551.165514	0.080423	
2551.167515	0.049435	
2551.169514	0.056981	
2551.171515	0.056163	
2551.175514	0.023888	
2551.179515	0.015654	
2551.181514	0.011730	
2551.183514	-0.009006	
2551.185515	-0.015406	
2551.187514	-0.001992	
2551.191513	-0.020157	
2551.193514	-0.032097	
2551.195519	-0.053695	
2551.197514	-0.050850	
2551.199514	-0.050890	
2551.201515	-0.061127	
2551.203515	-0.045321	
2551.205515	-0.054581	
2551.207514	-0.059039	
2551.209515	-0.047472	
2551.211514	-0.078045	
2551.213514	-0.085549	
2551.215514	-0.081877	
2551.219515	-0.105641	
2551.221515	-0.065940	
2551.223514	-0.082850	
2551.225514	-0.065867	
2551.227514	-0.076757	
2551.231513	-0.092731	
2551.233515	-0.111331	
2551.235515	-0.110577	
2551.239516	-0.092306	
2551.241514	-0.082730	
2551.243515	-0.079871	
2551.245514	-0.101898	
2551.247515	-0.091287	
2551.251513	-0.097770	
2551.253515	-0.104685	
2551.257515	-0.109352	
2551.259514	-0.083167	
2551.261515	-0.101335	
2551.263514	-0.105006	
2551.265514	-0.096484	
2551.269513	-0.115680	
2551.271515	-0.104997	
2551.273515	-0.117092	
2551.277514	-0.100021	
2551.279514	-0.109147	
2551.281515	-0.092975	
2551.283515	-0.111442	
2551.285515	-0.106409	
2551.287515	-0.088069	
2551.291514	-0.108635	
2551.295515	-0.098953	
2551.297514	-0.095505	
2551.299514	-0.100789	
2551.301514	-0.112398	
2551.303515	-0.089510	
2551.307513	-0.093721	
2551.309515	-0.095665	
2551.311515	-0.111513	
2551.313515	-0.112629	
2551.315517	-0.098675	
2551.317515	-0.108414	
2551.319514	-0.093784	
2551.321515	-0.085066	
2551.323515	-0.097311	
2551.325514	-0.077523	
2551.327514	-0.093920	
2551.329513	-0.115300	
2551.333515	-0.098486	
2551.335515	-0.103630	
2551.337515	-0.076460	
2551.339515	-0.087509	
2551.341514	-0.080374	
2551.343514	-0.072790	
2551.347514	-0.090852	
2551.349515	-0.098614	
2551.351515	-0.109438	
2551.355515	-0.088115	
2551.357515	-0.080283	
2551.359515	-0.061740	
2551.361514	-0.082923	
2551.363515	-0.085095	
2551.365514	-0.074562	
2551.369514	-0.101522	
2551.373515	-0.079596	
2551.375514	-0.059008	
2551.377516	-0.065181	
2551.379514	-0.085028	
2551.381515	-0.070097	
2551.385514	-0.081716	
2551.387514	-0.073819	
2551.389515	-0.084590	
2551.391514	-0.074910	
2551.393515	-0.061014	
2551.395515	-0.072893	
2551.397514	-0.061604	
2551.399515	-0.068304	
2551.401514	-0.076663	
2551.403513	-0.056688	
2551.405515	-0.069954	
2551.407514	-0.077735	
2551.411515	-0.059199	
2551.413514	-0.072839	
2551.415514	-0.056799	
2551.417515	-0.072476	
2551.419515	-0.060862	
2551.421514	-0.049166	
2551.425513	-0.061011	
2551.427514	-0.063221	
2551.429515	-0.080826	
2551.433517	-0.064080	
2551.435515	-0.059575	
2551.437514	-0.042098	
2551.439514	-0.055963	
2551.441515	-0.044165	
2551.445513	-0.039183	
2551.447514	-0.061029	
2551.451515	-0.064021	
2551.453515	-0.040129	
2551.455514	-0.042168	
2551.457514	-0.046079	
2551.459515	-0.029856	
2551.463513	-0.044118	
2551.465514	-0.052580	
2551.467515	-0.068944	
2551.471517	-0.056195	
2551.473514	-0.043939	
2551.475514	-0.023704	
2551.477515	-0.031665	
2551.479513	-0.048636	
2551.481515	-0.034298	
2551.485515	-0.058140	
2551.489515	-0.039510	
2551.491514	-0.030276	
2551.493514	-0.023380	
2551.495516	-0.043766	
2551.497514	-0.032513	
2551.501513	-0.035718	
2551.503514	-0.041940	
2551.505515	-0.044950	
2551.507514	-0.047575	
2551.509516	-0.022595	
2551.511515	-0.035496	
2551.513515	-0.036598	
2551.515514	-0.030998	
2551.517515	-0.046733	
2551.519513	-0.035149	
2551.521514	-0.035044	
2551.523515	-0.053248	
2551.525516	-0.035546	
2551.529515	-0.041281	
2551.531514	-0.032679	
2551.533516	-0.045495	
2551.535514	-0.046235	
2551.537515	-0.030436	
2551.541513	-0.041910	
2551.543514	-0.042229	
2551.545516	-0.064089	
2551.549515	-0.055601	
2551.551514	-0.057410	
2551.553515	-0.040692	
2551.555516	-0.047135	
2551.557515	-0.050209	
2551.559514	-0.035135	
2551.563515	-0.062614	
2551.567515	-0.065347	
2551.569515	-0.061023	
2551.571515	-0.050416	
2551.573513	-0.068374	
2551.575513	-0.053219	
2551.579513	-0.062491	
2551.581515	-0.084381	
2551.583515	-0.103115	
2551.585515	-0.102600	
2551.587515	-0.081219	
2551.589514	-0.090773	
2551.591514	-0.084739	
2551.593514	-0.086370	
2551.595514	-0.109130	
2551.597515	-0.104381	
2551.599514	-0.121928	
2551.601514	-0.141843	
2551.605515	-0.128691	
2551.607515	-0.138854	
2551.609515	-0.123582	
2551.611514	-0.144953	
2551.613515	-0.156939	
2551.615515	-0.154435	
2551.619513	-0.177692	
2551.621515	-0.187194	
2551.623515	-0.208503	
2551.627515	-0.199743	
2551.629515	-0.225880	
2551.631514	-0.225881	
2551.633514	-0.253693	
2551.635514	-0.263217	
2551.637515	-0.259560	
2551.641514	-0.296364	
2551.645515	-0.314484	
2551.647514	-0.343389	
2551.649516	-0.362795	
2551.651515	-0.397274	
2551.653514	-0.396450	
2551.657513	-0.416095	
2551.659514	-0.460535	
2551.661515	-0.498245	
2551.663515	-0.521687	
2551.665514	-0.528817	
2551.667514	-0.567399	
2551.669515	-0.581749	
2551.671514	-0.597301	
2551.673514	-0.639712	
2551.675515	-0.652026	
2551.677515	-0.700933	
2551.679514	-0.752102	
2551.683515	-0.772744	
2551.685514	-0.855540	
2551.687514	-0.871028	
2551.689515	-0.920239	
2551.691514	-0.956178	
2551.693515	-0.994566	
2551.697514	-1.058954	
2551.701514	-1.163117	
2551.703516	-1.258206	
2551.705515	-1.309055	
2551.707514	-1.363373	
2551.709515	-1.409020	
2551.711514	-1.489672	
2551.715513	-1.558228	
2551.717514	-1.716736	
2551.719514	-1.731190	
2551.721514	-1.731206	
2551.723515	-1.731308	
2551.725513	-1.731324	
2551.727515	-1.731431	
2551.729514	-1.731527	
2551.731513	-1.731694	
2551.733514	-1.731760	
2551.735515	-1.731921	
2551.737515	-1.732001	
2551.739515	-1.732086	
2551.743514	-1.732361	
2551.745514	-1.732471	
2551.747514	-1.732551	
2551.749514	-1.732640	
2551.751515	-1.732637	
2551.755513	-1.732710	
2551.757514	-1.732628	
2551.759515	-1.732672	
2551.763515	-1.732688	
2551.765515	-1.732656	
2551.767514	-1.732645	
2551.769515	-1.732664	
2551.771514	-1.732693	
2551.775513	-1.732658	
2551.779513	-1.732660	
2551.781515	-1.732677	
2551.783515	-1.732682	
2551.785515	-1.732667	
2551.787515	-1.732670	
2551.789514	-1.732652	
2551.791514	-1.732619	
2551.793514	-1.732650	
2551.795514	-1.732691	
2551.797516	-1.732648	
2551.799517	-1.732646	
2551.803515	-1.732666	
2551.805515	-1.732662	
2551.807514	-1.732672	
2551.809515	-1.732635	
2551.811514	-1.732705	
2551.815513	-1.732693	
2551.819513	-1.732624	
2551.821515	-1.732667	
2551.823514	-1.732643	
2551.825514	-1.732743	
2551.827515	-1.732657	
2551.829514	-1.732676	
2551.831515	-1.732672	
2551.833515	-1.732643	
2551.835515	-1.732698	
2551.837515	-1.732680	
2551.841515	-1.732640	
2551.843515	-1.732647	
2551.845514	-1.732682	
2551.847515	-1.732708	
2551.849514	-1.732691	
2551.851515	-1.732693	
2551.853514	-1.732712	
2551.855514	-1.732686	
2551.857515	-1.732639	
2551.859515	-1.732683	
2551.861514	-1.732643	
2551.865515	-1.732723	
2551.867515	-1.732702	
2551.869517	-1.732638	
2551.871514	-1.732664	
2551.873514	-1.732649	
2551.877515	-1.732640	
2551.879513	-1.732643	
2551.881514	-1.732707	
2551.885515	-1.732716	
2551.887515	-1.732647	
2551.889515	-1.732600	
2551.891516	-1.732460	
2551.893515	-1.732311	
2551.895514	-1.732075	
2551.897515	-1.731872	
2551.899515	-1.731673	
2551.903513	-1.731424	
2551.905515	-1.626319	
2551.907516	-1.426831	
2551.909514	-1.213275	
2551.911513	-1.035310	
2551.913515	-0.843804	
2551.917513	-0.627539	
2551.921513	-0.248738	
2551.923515	0.167990	
2551.925515	0.397683	
2551.927515	0.591446	
2551.929514	0.774369	
2551.931514	0.987354	
2551.935513	1.170347	
2551.937514	1.512186	
2551.939514	1.528990	
2551.943515	1.529033	
2551.945514	1.528971	
2551.947513	1.528917	
2551.949514	1.528967	
2551.951515	1.528953	
2551.953515	1.528909	
2551.957516	1.528975	
2551.961515	1.528992	
2551.963515	1.528988	
2551.965514	1.528969	
2551.967514	1.528988	
2551.969515	1.528959	
2551.973514	1.528939	
2551.975515	1.528987	
2551.977515	1.528989	
2551.979514	1.528949	
2551.981516	1.528947	
2551.983515	1.528935	
2551.985515	1.528967	
2551.987514	1.528909	
2551.989514	1.528903	
2551.991514	1.528927	
2551.993516	1.529027	
2551.995514	1.528980	
2551.999514	1.529017	
2552.001515	1.528945	
2552.003516	1.528947	
2552.005513	1.529017	
2552.007514	1.528934	
2552.009515	1.528940	
2552.013513	1.528883	
2552.015515	1.528993	
2552.017515	1.528934	
2552.021515	1.528980	
2552.023515	1.528996	
2552.025515	1.529001	
2552.027515	1.528975	
2552.029514	1.528941	
2552.031515	1.528927	
2552.035514	1.528987	
2552.039514	1.528993	
2552.041515	1.528974	
2552.043515	1.528971	
2552.045514	1.529007	
2552.047514	1.528947	
2552.051513	1.528926	
2552.053515	1.528935	
2552.055515	1.528911	
2552.057514	1.528939	
2552.059516	1.528999	
2552.061515	1.528965	
2552.063514	1.528991	
2552.065514	1.529008	
2552.067514	1.528928	
2552.069514	1.528976	
2552.071515	1.528952	
2552.073515	1.528941	
2552.075516	1.529011	
2552.079515	1.528970	
2552.081514	1.528974	
2552.083513	1.528940	
2552.085515	1.528930	
2552.087514	1.528988	
2552.091513	1.528930	
2552.093514	1.528966	
2552.095515	1.528954	
2552.099515	1.528962	
2552.101515	1.528963	
2552.103515	1.528946	
2552.105515	1.528950	
2552.107514	1.528958	
2552.109515	1.529001	
2552.113514	1.529024	
2552.117514	1.529036	
2552.119515	1.528987	
2552.121514	1.528928	
2552.123515	1.528894	
2552.125515	1.528776	
2552.129513	1.517771	
2552.131514	1.372137	
2552.133514	1.300861	
2552.135514	1.241496	
2552.137514	1.212771	
2552.139521	1.158150	
2552.141514	1.117083	
2552.143515	1.070370	
2552.145515	1.002415	
2552.147514	0.957950	
2552.149516	0.905325	
2552.151516	0.841717	
2552.153514	0.819829	
2552.157515	0.779277	
2552.159515	0.729875	
2552.161515	0.678418	
2552.163516	0.636016	
2552.165515	0.613379	
2552.169514	0.566991	
2552.171515	0.519449	
2552.173514	0.478295	
2552.177514	0.468302	
2552.179514	0.410900	
2552.181514	0.401188	
2552.183515	0.363694	
2552.185515	0.344107	
2552.187514	0.343285	
2552.191514	0.308218	
2552.195516	0.281538	
2552.197514	0.247667	
2552.199515	0.232867	
2552.201514	0.201549	
2552.203515	0.207309	
2552.207514	0.193992	
2552.209514	0.163655	
2552.211515	0.134878	
2552.213515	0.115119	
2552.215516	0.120569	
2552.217515	0.100815	
2552.219515	0.100401	
2552.221514	0.106875	
2552.223515	0.083561	
2552.225515	0.091974	
2552.227514	0.072056	
2552.229514	0.038376	
2552.231514	0.043923	
2552.235516	0.027489	
2552.237515	0.043772	
2552.239514	0.030269	
2552.241513	0.028832	
2552.243515	0.030674	
2552.247513	0.007177	
2552.249513	-0.012597	
2552.251514	-0.032068	
2552.255515	-0.016898	
2552.257516	-0.019436	
2552.259514	-0.004525	
2552.261515	-0.026670	
2552.263515	-0.037090	
2552.265515	-0.028796	
2552.269513	-0.057695	
2552.273515	-0.042794	
2552.275514	-0.033736	
2552.277515	-0.039372	
2552.279515	-0.061971	
2552.281515	-0.051020	
2552.285514	-0.063216	
2552.287514	-0.064868	
2552.289515	-0.075637	
2552.291515	-0.070968	
2552.293516	-0.056519	
2552.295515	-0.071557	
2552.297514	-0.067271	
2552.299514	-0.067979	
2552.301515	-0.082609	
2552.303515	-0.064732	
2552.305515	-0.076017	
2552.307515	-0.087633	
2552.311514	-0.070380	
2552.313515	-0.090333	
2552.315513	-0.073898	
2552.317515	-0.089282	
2552.319514	-0.082954	
2552.321515	-0.066894	
2552.325514	-0.080117	
2552.327515	-0.084250	
2552.329514	-0.103270	
2552.333514	-0.089910	
2552.335515	-0.089604	
2552.337515	-0.068863	
2552.339514	-0.079939	
2552.341514	-0.074885	
2552.345513	-0.065612	
2552.347514	-0.093443	
2552.351515	-0.090323	
2552.353514	-0.072764	
2552.355515	-0.070000	
2552.357514	-0.080848	
2552.359513	-0.060884	
2552.363513	-0.075015	
2552.365513	-0.086929	
2552.367515	-0.103554	
2552.371515	-0.095692	
2552.373515	-0.079407	
2552.375515	-0.062168	
2552.377514	-0.068458	
2552.379514	-0.087121	
2552.381515	-0.071504	
2552.385514	-0.093899	
2552.389516	-0.076872	
2552.391515	-0.068904	
2552.393514	-0.057040	
2552.395515	-0.077108	
2552.397514	-0.073736	
2552.401513	-0.069768	
2552.403513	-0.077617	
2552.405515	-0.077432	
2552.407515	-0.085303	
2552.409516	-0.057139	
2552.411515	-0.066852	
2552.413516	-0.073826	
2552.415515	-0.066103	
2552.417515	-0.079869	
2552.419515	-0.069568	
2552.421515	-0.064706	
2552.423514	-0.085547	
2552.425514	-0.067507	
2552.429515	-0.070320	
2552.431514	-0.064518	
2552.433514	-0.071088	
2552.435515	-0.074941	
2552.437514	-0.055066	
2552.441513	-0.061327	
2552.443514	-0.063682	
2552.445515	-0.081502	
2552.449515	-0.078710	
2552.451515	-0.074646	
2552.453513	-0.055770	
2552.455513	-0.055179	
2552.457514	-0.060513	
2552.459515	-0.041087	
2552.463514	-0.065882	
2552.467515	-0.064112	
2552.469515	-0.059918	
2552.471514	-0.041579	
2552.473514	-0.057064	
2552.475515	-0.040501	
2552.479513	-0.041501	
2552.481515	-0.064303	
2552.483515	-0.074080	
2552.485514	-0.075724	
2552.487516	-0.050667	
2552.489514	-0.051681	
2552.491515	-0.045134	
2552.493515	-0.037548	
2552.495515	-0.055760	
2552.497513	-0.053294	
2552.499514	-0.060468	
2552.501514	-0.077988	
2552.505515	-0.058570	
2552.507515	-0.059713	
2552.509515	-0.031911	
2552.511515	-0.045445	
2552.513513	-0.056388	
2552.515515	-0.044705	
2552.519513	-0.059229	
2552.521514	-0.049640	
2552.523515	-0.063909	
2552.527514	-0.050505	
2552.529514	-0.057226	
2552.531514	-0.043499	
2552.533515	-0.059420	
2552.535515	-0.059982	
2552.537516	-0.041348	
2552.541514	-0.060943	
2552.545514	-0.052924	
2552.547515	-0.056579	
2552.549519	-0.052659	
2552.551514	-0.071288	
2552.553514	-0.053490	
2552.557513	-0.050956	
2552.559515	-0.058331	
2552.561514	-0.074594	
2552.563514	-0.087526	
2552.565516	-0.065861	
2552.567515	-0.077760	
2552.569514	-0.072174	
2552.571514	-0.056245	
2552.573515	-0.074698	
2552.575515	-0.059435	
2552.577515	-0.073739	
2552.579513	-0.099197	
2552.583515	-0.088087	
2552.585514	-0.100594	
2552.587514	-0.076421	
2552.589515	-0.087232	
2552.591514	-0.086206	
2552.593514	-0.080679	
2552.597514	-0.104050	
2552.599514	-0.118623	
2552.601515	-0.137407	
2552.605515	-0.121824	
2552.607513	-0.120934	
2552.609514	-0.109152	
2552.611513	-0.131285	
2552.613515	-0.143059	
2552.617513	-0.137081	
2552.619514	-0.168960	
2552.623515	-0.158201	
2552.625515	-0.156200	
2552.627515	-0.164341	
2552.629514	-0.194062	
2552.631514	-0.187363	
2552.635513	-0.204598	
2552.637514	-0.220752	
2552.639514	-0.239527	
2552.641515	-0.245049	
2552.643517	-0.240598	
2552.645514	-0.263704	
2552.647514	-0.272261	
2552.649514	-0.281741	
2552.651515	-0.310711	
2552.653515	-0.305684	
2552.655515	-0.325563	
2552.657514	-0.355901	
2552.661515	-0.353705	
2552.663514	-0.407194	
2552.665513	-0.405731	
2552.667514	-0.437457	
2552.669515	-0.453056	
2552.671514	-0.454892	
2552.675513	-0.486577	
2552.677514	-0.531000	
2552.679514	-0.576199	
2552.683515	-0.587251	
2552.685515	-0.642854	
2552.687515	-0.650398	
2552.689514	-0.692391	
2552.691515	-0.719182	
2552.695513	-0.742384	
2552.697514	-0.846564	
2552.701515	-0.877061	
2552.703515	-0.945336	
2552.705516	-0.983456	
2552.707514	-1.036737	
2552.709514	-1.066309	
2552.713514	-1.127184	
2552.717514	-1.240782	
2552.719515	-1.351006	
2552.721515	-1.380312	
2552.723514	-1.453714	
2552.725514	-1.505230	
2552.727514	-1.574922	
2552.731513	-1.659629	
2552.733514	-1.731114	
2552.735515	-1.731226	
2552.737514	-1.731325	
2552.739515	-1.731416	
2552.741515	-1.731497	
2552.743514	-1.731595	
2552.745515	-1.731727	
2552.747514	-1.731799	
2552.749514	-1.731944	
2552.751514	-1.732075	
2552.753514	-1.732204	
2552.755514	-1.732333	
2552.759515	-1.732477	
2552.761515	-1.732569	
2552.763514	-1.732674	
2552.765515	-1.732668	
2552.767514	-1.732715	
2552.771513	-1.732649	
2552.773515	-1.732666	
2552.775514	-1.732708	
2552.779515	-1.732725	
2552.781515	-1.732622	
2552.783514	-1.732734	
2552.785514	-1.732705	
2552.787515	-1.732639	
2552.791514	-1.732656	
2552.795514	-1.732643	
2552.797515	-1.732651	
2552.799515	-1.732696	
2552.801514	-1.732655	
2552.803515	-1.732672	
2552.805516	-1.732661	
2552.807514	-1.732662	
2552.809515	-1.732715	
2552.811514	-1.732689	
2552.813515	-1.732705	
2552.815517	-1.732671	
2552.819516	-1.732646	
2552.821514	-1.732697	
2552.823515	-1.732654	
2552.825515	-1.732722	
2552.827515	-1.732651	
2552.831514	-1.732649	
2552.833516	-1.732663	
2552.835515	-1.732671	
2552.839515	-1.732687	
2552.841515	-1.732617	
2552.843514	-1.732677	
2552.845514	-1.732699	
2552.847515	-1.732654	
2552.851514	-1.732649	
2552.855513	-1.732658	
2552.857514	-1.732665	
2552.859515	-1.732653	
2552.861514	-1.732654	
2552.863515	-1.732680	
2552.865515	-1.732691	
2552.867514	-1.732620	
2552.869514	-1.732650	
2552.871514	-1.732656	
2552.873514	-1.732710	
2552.875516	-1.732710	
2552.879515	-1.732713	
2552.881515	-1.732645	
2552.883513	-1.732701	
2552.885515	-1.732722	
2552.887514	-1.732711	
2552.891513	-1.732707	
2552.895514	-1.732644	
2552.897514	-1.732637	
2552.899515	-1.732643	
2552.901515	-1.732696	
2552.903515	-1.732674	
2552.905514	-1.732664	
2552.907515	-1.732623	
2552.909514	-1.732657	
2552.911515	-1.732671	
2552.913514	-1.732573	
2552.917513	-1.732470	
2552.919516	-1.731998	
2552.921514	-1.731702	
2552.923515	-1.731424	
2552.925514	-1.731283	
2552.927514	-1.658355	
2552.929515	-1.470692	
2552.931515	-1.259638	
2552.933515	-1.075984	
2552.935515	-0.875683	
2552.939514	-0.646016	
2552.941515	-0.235353	
2552.943514	-0.004033	
2552.945519	0.182252	
2552.947515	0.384388	
2552.949514	0.591379	
2552.953514	0.773911	
2552.955514	1.184242	
2552.957514	1.368705	
2552.961515	1.524365	
2552.963515	1.528979	
2552.965515	1.528988	
2552.967515	1.529039	
2552.969514	1.529054	
2552.971514	1.529082	
2552.975514	1.529030	
2552.979516	1.529071	
2552.981514	1.529058	
2552.983516	1.529009	
2552.985515	1.529032	
2552.987516	1.529057	
2552.991513	1.529053	
2552.993515	1.529042	
2552.995514	1.528999	
2552.999515	1.529029	
2553.001515	1.529011	
2553.003514	1.529050	
2553.005514	1.529058	
2553.007514	1.529008	
2553.009514	1.529005	
2553.013514	1.529044	
2553.017514	1.529009	
2553.019515	1.528988	
2553.021515	1.528978	
2553.023514	1.528967	
2553.025516	1.528980	
2553.029515	1.529040	
2553.031514	1.529067	
2553.033514	1.529028	
2553.035515	1.529004	
2553.037515	1.529048	
2553.039515	1.529050	
2553.041516	1.528940	
2553.043514	1.529020	
2553.045515	1.528991	
2553.047515	1.528991	
2553.049515	1.529062	
2553.051513	1.528996	
2553.053514	1.529017	
2553.057514	1.528994	
2553.059514	1.528986	
2553.061515	1.528981	
2553.063515	1.529014	
2553.065514	1.528955	
2553.069515	1.528943	
2553.071514	1.529017	
2553.073514	1.529034	
2553.075515	1.528947	
2553.077517	1.528894	
2553.079515	1.528942	
2553.081515	1.529011	
2553.083513	1.528959	
2553.085514	1.528997	
2553.087515	1.529024	
2553.089516	1.529010	
2553.091514	1.528981	
2553.095513	1.529009	
2553.097515	1.529026	
2553.099515	1.529007	
2553.101514	1.528981	
2553.103515	1.529034	
2553.105515	1.528972	
2553.109513	1.528997	
2553.111514	1.529030	
2553.113517	1.529033	
2553.117515	1.528973	
2553.119516	1.528995	
2553.121515	1.528954	
2553.123514	1.528942	
2553.125515	1.528953	
2553.127515	1.528982	
2553.131513	1.529017	
2553.135515	1.528970	
2553.137515	1.528905	
2553.139515	1.528965	
2553.141515	1.529033	
2553.143515	1.529019	
2553.147514	1.528992	
2553.149514	1.528995	
2553.151515	1.528893	
2553.153515	1.528420	
2553.155515	1.508477	
2553.157514	1.432834	
2553.159514	1.380877	
2553.161515	1.301214	
2553.163515	1.230537	
2553.165515	1.182285	
2553.167516	1.102233	
2553.169515	1.048750	
2553.173515	1.013543	
2553.175514	0.917344	
2553.177514	0.875702	
2553.179513	0.815260	
2553.181515	0.784335	
2553.183514	0.729059	
2553.187514	0.687351	
2553.189514	0.607078	
2553.191514	0.577477	
2553.195515	0.555715	
2553.197515	0.494472	
2553.199515	0.467554	
2553.201515	0.418904	
2553.203514	0.413364	
2553.205516	0.391745	
2553.209514	0.347504	
2553.213515	0.307921	
2553.215517	0.285693	
2553.217515	0.247809	
2553.219515	0.232669	
2553.221515	0.232930	
2553.225513	0.203164	
2553.227515	0.168186	
2553.229515	0.138063	
2553.231514	0.135808	
2553.233515	0.121802	
2553.235515	0.109972	
2553.237515	0.119220	
2553.239515	0.097074	
2553.241514	0.088852	
2553.243514	0.091364	
2553.245515	0.053105	
2553.247515	0.041376	
2553.251515	0.038255	
2553.253515	0.027272	
2553.255513	0.031836	
2553.257515	0.015305	
2553.259514	0.025145	
2553.261514	0.006143	
2553.265513	-0.010203	
2553.267514	-0.042217	
2553.269514	-0.042297	
2553.273515	-0.027971	
2553.275514	-0.024540	
2553.277515	-0.028781	
2553.279514	-0.052744	
2553.281515	-0.041758	
2553.283515	-0.058533	
2553.287514	-0.076227	
2553.291514	-0.077507	
2553.293516	-0.052370	
2553.295516	-0.074532	
2553.297514	-0.074086	
2553.299514	-0.072905	
2553.303514	-0.091877	
2553.305515	-0.089514	
2553.307514	-0.102135	
2553.311515	-0.081081	
2553.313515	-0.095304	
2553.315515	-0.080509	
2553.317515	-0.103330	
2553.319515	-0.097178	
2553.321514	-0.081562	
2553.325515	-0.106743	
2553.329515	-0.097615	
2553.331516	-0.092443	
2553.333515	-0.101294	
2553.335514	-0.109677	
2553.337514	-0.090604	
2553.341513	-0.097589	
2553.343515	-0.098395	
2553.345515	-0.117442	
2553.347514	-0.116573	
2553.349515	-0.104117	
2553.351514	-0.114070	
2553.353518	-0.093965	
2553.355514	-0.091965	
2553.357514	-0.102040	
2553.359515	-0.081929	
2553.361514	-0.103948	
2553.363515	-0.121082	
2553.367515	-0.105679	
2553.369515	-0.114733	
2553.371515	-0.084572	
2553.373515	-0.097304	
2553.375515	-0.085954	
2553.377514	-0.086109	
2553.381513	-0.102838	
2553.383514	-0.113894	
2553.385514	-0.119977	
2553.389515	-0.100105	
2553.391515	-0.086769	
2553.393514	-0.074525	
2553.395514	-0.099157	
2553.397514	-0.091316	
2553.399514	-0.089242	
2553.403513	-0.114662	
2553.407514	-0.095323	
2553.409515	-0.069537	
2553.411515	-0.082104	
2553.413515	-0.095159	
2553.415514	-0.076203	
2553.419513	-0.095776	
2553.421515	-0.087945	
2553.423515	-0.100644	
2553.427515	-0.086200	
2553.429515	-0.087029	
2553.431515	-0.074486	
2553.433515	-0.083959	
2553.435514	-0.090287	
2553.437515	-0.070590	
2553.441514	-0.088768	
2553.445515	-0.076054	
2553.447515	-0.075888	
2553.449515	-0.069905	
2553.451513	-0.091024	
2553.453515	-0.073146	
2553.457513	-0.065180	
2553.459514	-0.070319	
2553.461517	-0.080808	
2553.463515	-0.092199	
2553.465516	-0.068844	
2553.467515	-0.081010	
2553.469514	-0.074268	
2553.471514	-0.057118	
2553.473514	-0.070281	
2553.475515	-0.056459	
2553.477515	-0.065941	
2553.479515	-0.085048	
2553.483514	-0.073300	
2553.485515	-0.081879	
2553.487515	-0.053645	
2553.489514	-0.059235	
2553.491514	-0.057888	
2553.493515	-0.044295	
2553.497513	-0.061687	
2553.499515	-0.067447	
2553.501516	-0.085335	
2553.505515	-0.065310	
2553.507515	-0.056721	
2553.509515	-0.036505	
2553.511515	-0.046213	
2553.513514	-0.058366	
2553.515514	-0.043496	
2553.519515	-0.073226	
2553.523515	-0.048483	
2553.525515	-0.037599	
2553.527514	-0.032907	
2553.529514	-0.053503	
2553.531515	-0.038211	
2553.535513	-0.047733	
2553.537514	-0.049038	
2553.539514	-0.055150	
2553.541513	-0.054250	
2553.543514	-0.031766	
2553.545514	-0.042021	
2553.547514	-0.039690	
2553.549514	-0.035904	
2553.551515	-0.053983	
2553.553514	-0.036873	
2553.555515	-0.040001	
2553.557514	-0.056372	
2553.561514	-0.036854	
2553.563514	-0.055582	
2553.565514	-0.033703	
2553.567514	-0.046055	
2553.569514	-0.043006	
2553.571514	-0.024046	
2553.575514	-0.038273	
2553.577514	-0.040759	
2553.579514	-0.056807	
2553.583515	-0.044617	
2553.585515	-0.045721	
2553.587517	-0.026317	
2553.589514	-0.037299	
2553.591514	-0.031986	
2553.593514	-0.021381	
2553.597514	-0.047628	
2553.601515	-0.044315	
2553.603516	-0.033997	
2553.605515	-0.028720	
2553.607514	-0.042513	
2553.609514	-0.022524	
2553.613514	-0.030664	
2553.615514	-0.048864	
2553.617516	-0.064178	
2553.619515	-0.061911	
2553.623515	-0.043802	
2553.625515	-0.033135	
2553.627514	-0.035339	
2553.629514	-0.051542	
2553.631514	-0.040782	
2553.635515	-0.059674	
2553.639514	-0.054575	
2553.641514	-0.052665	
2553.643515	-0.037779	
2553.645514	-0.057659	
2553.647515	-0.058722	
2553.651513	-0.053381	
2553.653514	-0.077259	
2553.655515	-0.072910	
2553.657515	-0.089903	
2553.659515	-0.063189	
2553.661515	-0.073088	
2553.663514	-0.088483	
2553.665515	-0.079989	
2553.667515	-0.101939	
2553.669514	-0.100694	
2553.671517	-0.099129	
2553.673515	-0.122471	
2553.675515	-0.114938	
2553.679515	-0.116957	
2553.681515	-0.120883	
2553.683514	-0.134107	
2553.685515	-0.152008	
2553.687515	-0.138839	
2553.691513	-0.148951	
2553.693515	-0.164955	
2553.695515	-0.193203	
2553.699515	-0.199503	
2553.701514	-0.217931	
2553.703515	-0.210143	
2553.705514	-0.219216	
2553.707515	-0.239717	
2553.709514	-0.232382	
2553.713515	-0.265379	
2553.717516	-0.296214	
2553.719514	-0.326256	
2553.721514	-0.324304	
2553.723515	-0.355782	
2553.725514	-0.360634	
2553.729514	-0.374651	
2553.731514	-0.435144	
2553.733515	-0.462789	
2553.737515	-0.490498	
2553.739515	-0.509313	
2553.741515	-0.532122	
2553.743514	-0.542422	
2553.745515	-0.585142	
2553.747515	-0.611258	
2553.751514	-0.643724	
2553.755515	-0.711583	
2553.757515	-0.769303	
2553.759515	-0.783950	
2553.761522	-0.831383	
2553.763515	-0.885935	
2553.767514	-0.910594	
2553.769515	-1.023408	
2553.771515	-1.051073	
2553.775515	-1.112221	
2553.777515	-1.186064	
2553.779514	-1.257020	
2553.781517	-1.303518	
2553.783514	-1.361757	
2553.787513	-1.431225	
2553.789514	-1.562586	
2553.793515	-1.633618	
2553.795514	-1.730858	
2553.797515	-1.731176	
2553.799515	-1.731227	
2553.801515	-1.731354	
2553.805513	-1.731449	
2553.809513	-1.731696	
2553.811515	-1.731929	
2553.813514	-1.732033	
2553.815515	-1.732171	
2553.817515	-1.732314	
2553.819516	-1.732423	
2553.823513	-1.732462	
2553.827514	-1.732640	
2553.829515	-1.732671	
2553.831514	-1.732728	
2553.833515	-1.732713	
2553.835515	-1.732674	
2553.837514	-1.732718	
2553.841514	-1.732673	
2553.845514	-1.732695	
2553.847516	-1.732700	
2553.849515	-1.732684	
2553.851513	-1.732622	
2553.853514	-1.732637	
2553.855514	-1.732623	
2553.857514	-1.732734	
2553.859515	-1.732680	
2553.861514	-1.732701	
2553.863513	-1.732720	
2553.867514	-1.732718	
2553.869514	-1.732666	
2553.871514	-1.732649	
2553.873515	-1.732701	
2553.875515	-1.732665	
2553.877514	-1.732662	
2553.879515	-1.732677	
2553.881514	-1.732705	
2553.883514	-1.732661	
2553.885515	-1.732652	
2553.887516	-1.732730	
2553.891514	-1.732726	
2553.893515	-1.732654	
2553.895515	-1.732745	
2553.897514	-1.732702	
2553.899515	-1.732693	
2553.903513	-1.732672	
2553.907513	-1.732622	
2553.909515	-1.732692	
2553.911514	-1.732687	
2553.913515	-1.732647	
2553.915515	-1.732682	
2553.917514	-1.732749	
2553.921514	-1.732689	
2553.923514	-1.732713	
2553.925516	-1.732730	
2553.929514	-1.732701	
2553.931515	-1.732630	
2553.933516	-1.732735	
2553.935515	-1.732639	
2553.939513	-1.732621	
2553.941514	-1.732721	
2553.943516	-1.732720	
2553.947515	-1.732698	
2553.949515	-1.732708	
2553.951514	-1.732716	
2553.953514	-1.732675	
2553.957514	-1.732678	
2553.961514	-1.732685	
2553.963514	-1.732689	
2553.965514	-1.732617	
2553.967514	-1.732528	
2553.969516	-1.732312	
2553.971515	-1.732066	
2553.973514	-1.731824	
2553.975515	-1.731561	
2553.977513	-1.731345	
2553.979514	-1.729482	
2553.981515	-1.584624	
2553.985515	-1.394758	
2553.987514	-0.987494	
2553.989515	-0.782609	
2553.991514	-0.578470	
2553.993514	-0.358454	
2553.995515	-0.175694	
2553.997514	0.029830	
2553.999514	0.239155	
2554.001514	0.399924	
2554.003514	0.613106	
2554.005516	0.822506	
2554.009514	1.001689	
2554.011515	1.399528	
2554.013515	1.519930	
2554.015515	1.528992	
2554.017515	1.529024	
2554.021513	1.528983	
2554.023514	1.528996	
2554.025516	1.528989	
2554.029515	1.529022	
2554.031514	1.528997	
2554.033514	1.528959	
2554.035514	1.529033	
2554.037514	1.529029	
2554.039515	1.528973	
2554.043514	1.529031	
2554.047515	1.529011	
2554.049515	1.529021	
2554.051515	1.528991	
2554.053515	1.528980	
2554.055514	1.528993	
2554.059514	1.528957	
2554.061514	1.529030	
2554.063514	1.529001	
2554.065514	1.528990	
2554.067515	1.529008	
2554.069515	1.529004	
2554.071515	1.528976	
2554.073515	1.529008	
2554.075513	1.529037	
2554.077514	1.528955	
2554.079515	1.529044	
2554.081514	1.529033	
2554.083514	1.528975	
2554.087515	1.529031	
2554.089515	1.528963	
2554.091514	1.529008	
2554.093515	1.528979	
2554.095516	1.528987	
2554.099513	1.529004	
2554.101514	1.528993	
2554.103514	1.528984	
2554.107515	1.528988	
2554.109514	1.528948	
2554.111516	1.529002	
2554.113514	1.529061	
2554.115515	1.529022	
2554.117513	1.528978	
2554.121514	1.529054	
2554.125515	1.529055	
2554.127514	1.528924	
2554.129513	1.529022	
2554.131515	1.529005	
2554.133515	1.529014	
2554.137513	1.529041	
2554.139513	1.529061	
2554.141514	1.528971	
2554.143514	1.528991	
2554.145515	1.528980	
2554.147515	1.528965	
2554.149515	1.528967	
2554.151515	1.528966	
2554.153514	1.528962	
2554.155515	1.529000	
2554.157514	1.528973	
2554.159515	1.528983	
