num crossings	time (s)	maj axis (mm)	min axis (mm)	theta (rad )	slope (V/s)
2363	3114.593385	63.907867	-24.882826	1.563509	67.694870
2367	3118.749469	63.542401	-25.000969	1.556186	69.125150
2369	3120.825115	63.388074	-25.195321	1.553917	69.168634
2373	3124.981496	63.315984	-24.984739	1.549685	67.521342
2375	3127.056001	63.258395	-25.211120	1.542402	69.913053
2379	3131.208717	62.683144	-25.020988	1.542753	69.711985
2381	3133.287009	62.603786	-25.165211	1.530564	63.467664
2385	3137.437124	62.547579	-25.127927	1.535358	67.498866
2387	3139.513282	62.295377	-25.152772	1.531655	62.042406
2391	3143.670966	62.085627	-25.187486	1.522625	64.653354
2393	3145.747136	62.127983	-25.202928	1.519830	65.407712
2397	3149.899216	61.864125	-25.218704	1.516710	68.644957
2399	3151.973719	61.747965	-25.308055	1.510397	63.965310
2403	3156.128041	61.354275	-25.413648	1.503787	65.124216
2405	3158.205136	61.312350	-25.336720	1.501973	62.672986
2409	3162.359742	60.928783	-25.286251	1.495566	64.733565
2411	3164.438227	61.022808	-25.414292	1.496759	64.009671
2415	3168.589640	60.921821	-25.501525	1.488606	59.692871
2417	3170.664780	60.778432	-25.449863	1.481454	60.924865
2421	3174.818664	60.122216	-25.432062	1.476063	59.486365
2423	3176.898721	60.074085	-25.432417	1.475664	60.302681
2427	3181.048994	60.242973	-25.637758	1.471187	57.751779
2429	3183.124133	59.994349	-25.524710	1.469473	57.621257
2433	3187.277918	59.549713	-25.679608	1.457274	58.406609
2435	3189.355497	59.485827	-25.619602	1.457265	56.525242
2439	3193.510283	59.196399	-25.604289	1.452068	57.566434
2441	3195.587205	59.114161	-25.825948	1.445873	55.425872
2445	3199.739208	58.938420	-25.859046	1.441596	55.621589
2447	3201.814781	58.824869	-25.777097	1.442391	54.800663
2451	3205.967058	58.598951	-25.960304	1.430269	53.697096
2453	3208.044494	58.418457	-25.820520	1.433714	52.005483
2457	3212.201858	58.241728	-25.969573	1.425158	52.178102
2459	3214.278708	58.192372	-25.920920	1.419530	50.825290
2463	3218.428072	57.993021	-25.961359	1.415884	52.384770
2465	3220.503532	57.824246	-25.989726	1.414510	51.676647
2469	3224.660065	57.556036	-26.004550	1.408097	47.798001
2471	3226.738114	57.504490	-26.276870	1.399395	49.000724
2475	3230.892813	57.303423	-26.154372	1.397280	48.228511
2477	3232.969923	57.095266	-26.223727	1.394300	49.814801
2481	3237.122947	56.954294	-26.241680	1.387460	48.715376
2483	3239.199332	56.883805	-26.243516	1.385802	46.834487
2487	3243.351898	56.767206	-26.386697	1.374375	47.001922
2489	3245.424510	56.604616	-26.301622	1.375875	49.121123
2493	3249.577962	56.220055	-26.321291	1.364316	48.312866
2495	3251.656915	56.077949	-26.339578	1.365655	45.339437
2499	3255.813745	55.862516	-26.370681	1.358049	44.564403
2501	3257.891038	55.864171	-26.519728	1.352368	43.942574
2505	3262.042341	55.766444	-26.545730	1.345193	43.353663
2507	3264.117342	55.584344	-26.579722	1.337715	42.771336
2511	3268.270049	55.301594	-26.586362	1.335257	44.427305
2513	3270.346558	55.209011	-26.546881	1.331311	43.320201
2517	3274.499179	54.976262	-26.591686	1.328809	42.322202
2519	3276.576639	54.938954	-26.626381	1.327301	41.797921
2523	3280.730899	54.560197	-26.681118	1.318160	39.878638
2527	3284.887426	54.380383	-26.712072	1.311791	39.654942
2529	3286.965300	54.303970	-26.735232	1.308833	39.609044
2533	3291.118028	54.100093	-26.750696	1.298307	41.732497
2535	3293.193676	54.089334	-26.824790	1.295476	41.808910
2539	3297.344334	53.720903	-26.820343	1.296303	39.599619
2541	3299.420900	53.733957	-26.925704	1.286011	38.122885
2545	3303.576507	53.429739	-26.901994	1.280532	36.928871
2547	3305.654324	53.342278	-26.923457	1.280306	36.741122
2551	3309.809286	53.197253	-26.944465	1.272358	36.648534
2553	3311.885531	53.107759	-27.059890	1.268033	36.235649
2557	3316.038795	52.947603	-27.153698	1.260883	36.144302
2559	3318.115117	52.843623	-27.129603	1.258932	35.168965
2563	3322.266248	52.583136	-27.171009	1.248697	34.541670
2565	3324.343232	52.449905	-27.206753	1.239113	36.251381
2569	3328.497733	52.106346	-27.272282	1.239844	35.506098
2571	3330.576626	52.005859	-27.284446	1.234836	37.071170
2573	3332.654685	51.894225	-27.341776	1.229584	35.856653
2577	3336.809796	51.697075	-27.380513	1.225324	33.761738
2579	3338.886615	51.701330	-27.368597	1.223574	33.779407
2583	3343.037771	51.502729	-27.416915	1.218147	32.644474
2585	3345.113528	51.464688	-27.484523	1.209875	32.834185
2589	3349.265914	51.170228	-27.433455	1.207166	30.792171
2593	3353.418838	50.799266	-27.487232	1.198199	30.868344
2595	3355.496472	50.796447	-27.474242	1.196678	30.710234
2599	3359.652144	50.487439	-27.524830	1.185809	31.382879
2601	3361.730339	50.437722	-27.504620	1.184215	30.119609
2605	3365.885193	50.216995	-27.571589	1.173109	31.054648
2609	3370.036593	50.047580	-27.631044	1.171045	31.841440
2611	3372.112850	49.946296	-27.636893	1.165613	31.969192
2613	3374.186771	49.804599	-27.618832	1.163185	30.314491
2615	3376.263398	49.638226	-27.682773	1.155458	30.018792
2619	3380.417155	49.429981	-27.668008	1.150773	28.738769
2621	3382.494636	49.343305	-27.690944	1.148063	28.283517
2623	3384.572013	49.282750	-27.693875	1.145950	28.116615
2627	3388.726849	49.091047	-27.706805	1.135268	26.891316
2629	3390.803092	49.057492	-27.702055	1.132360	28.083049
2633	3394.957376	48.831538	-27.784582	1.124611	28.147415
2635	3397.033518	48.673694	-27.751470	1.117755	26.835322
2639	3401.186493	48.495145	-27.799607	1.111729	27.273701
2641	3403.262054	48.399387	-27.789337	1.108455	26.131902
2643	3405.339954	48.282043	-27.810782	1.104517	27.432478
2647	3409.494840	48.037125	-27.846647	1.094702	28.250691
2649	3411.573099	47.952641	-27.837529	1.094004	28.197653
2651	3413.652180	47.878942	-27.853512	1.089728	27.451119
2653	3415.730324	47.792251	-27.851737	1.087014	26.680268
2655	3417.808078	47.714318	-27.864802	1.081984	26.440541
2659	3421.961479	47.611949	-27.884824	1.076269	25.060272
2661	3424.038277	47.497961	-27.890236	1.067784	24.943165
2665	3428.192698	47.327405	-27.931541	1.057542	25.161975
2667	3430.267422	47.231777	-27.920524	1.054286	22.894855
2671	3434.422296	47.016314	-27.941887	1.045364	24.322165
2673	3436.499855	46.839920	-27.949881	1.041105	23.501971
2677	3440.654249	46.676310	-27.950725	1.039608	21.372510
2679	3442.732715	46.649093	-27.947775	1.029109	21.775168
2683	3446.886440	46.346024	-28.054075	1.014843	24.003903
2685	3448.963864	46.263122	-28.022167	1.013678	23.016012
2687	3451.040414	46.186031	-28.029197	1.010933	24.693222
2691	3455.190723	46.009063	-28.023904	1.005065	23.661729
2693	3457.264677	45.921914	-28.025882	1.006367	25.196145
2695	3459.342141	45.816222	-28.021221	0.998834	22.993034
2697	3461.418896	45.711554	-27.991684	0.993987	22.302459
2699	3463.496340	45.610067	-27.982339	0.989905	22.399695
2701	3465.572502	45.553631	-27.973961	0.986301	21.696296
2705	3469.728441	45.363985	-27.961281	0.976604	21.605823
2707	3471.804032	45.267592	-27.956956	0.969847	20.822092
2709	3473.881269	45.176494	-27.958610	0.964970	20.485544
2713	3478.035723	45.012098	-27.958265	0.956471	21.555616
2715	3480.113087	44.947839	-27.971760	0.953352	21.602260
