num crossings	time (s)	maj axis (mm)	min axis (mm)	theta (rad )	slope (V/s)
3021	3802.259266	64.780567	-18.327406	3.526046	94.660970
3023	3804.334968	64.703670	-18.492559	3.517173	92.908640
3027	3808.490063	64.258752	-18.263326	3.518569	90.755361
3029	3810.567875	64.253873	-17.923624	3.519602	96.285361
3031	3812.645402	64.536265	-17.894622	3.512110	91.735079
3033	3814.723579	64.328403	-17.811074	3.514504	89.576182
3037	3818.878673	64.243445	-18.017952	3.498883	92.756369
3039	3820.956507	63.840761	-17.834786	3.495347	90.799120
3043	3825.111987	63.866409	-17.720684	3.488598	92.252015
3045	3827.190708	63.404220	-17.826505	3.487115	95.738844
3049	3831.348020	63.491586	-17.444426	3.486087	92.385332
3051	3833.425225	63.417916	-17.562734	3.481689	91.595336
3053	3835.502295	63.381763	-17.533821	3.481003	91.768064
3057	3839.654603	63.160805	-17.290961	3.471511	89.162251
3059	3841.732551	63.223212	-17.246649	3.465501	89.955592
3061	3843.810840	63.117059	-17.334429	3.463683	89.715544
3063	3845.889124	62.907725	-17.147004	3.462352	93.843495
3067	3850.044913	63.066360	-17.365487	3.450129	95.968182
3069	3852.122845	62.658874	-17.060659	3.450828	95.741745
3071	3854.200278	62.715062	-16.970084	3.449540	92.190385
3075	3858.354703	62.622202	-17.059234	3.441181	93.259912
3077	3860.430967	62.376649	-16.806814	3.440668	87.390775
3079	3862.508168	62.819007	-16.967483	3.435740	92.706822
3083	3866.663482	62.174270	-16.600740	3.432294	87.932201
3085	3868.741936	62.025260	-16.604685	3.429698	90.141480
3089	3872.899432	62.262647	-16.445586	3.421160	90.342728
3091	3874.977495	61.912801	-16.395191	3.419900	90.026424
3093	3877.054348	61.869927	-16.351732	3.416563	92.505236
3095	3879.131212	62.099244	-16.505667	3.408901	92.322295
3097	3881.207836	61.751813	-16.308211	3.410593	93.732708
3101	3885.361159	61.642588	-16.121031	3.409520	90.936901
3103	3887.438599	61.761461	-16.172687	3.400217	89.698742
3105	3889.516204	61.683988	-16.046274	3.403657	96.383745
3109	3893.671165	61.328854	-16.042348	3.392388	90.220428
3111	3895.748899	61.106362	-15.809548	3.392973	88.908187
3113	3897.826493	60.984689	-15.758467	3.388336	92.043256
3117	3901.982977	60.954370	-15.673096	3.379730	90.636000
3119	3904.061539	60.731804	-15.538953	3.379082	87.849717
3123	3908.218065	60.617997	-15.531111	3.376878	89.012840
3125	3910.295205	61.128300	-15.378230	3.368223	91.136474
3129	3914.448637	60.883228	-15.325245	3.365756	89.532207
3131	3916.525200	60.552064	-15.172295	3.365430	89.873866
3133	3918.601520	60.208261	-15.104804	3.360318	88.174169
3135	3920.678569	60.123571	-15.044972	3.360687	94.630043
3139	3924.833687	59.821738	-15.133112	3.353807	89.172206
3141	3926.911414	60.054869	-14.919165	3.351057	89.849183
3143	3928.989152	60.152156	-14.928083	3.342042	91.898186
3147	3933.144092	59.505328	-14.722161	3.342505	87.532389
3149	3935.221008	59.736468	-14.769415	3.339719	90.961222
3151	3937.298561	59.089868	-14.652629	3.337617	87.130486
3153	3939.375582	59.725070	-14.619483	3.335933	88.721336
3155	3941.452979	59.525574	-14.500968	3.334680	85.237609
3157	3943.531070	59.119488	-14.451760	3.333350	86.195297
3159	3945.608948	60.098400	-14.354888	3.320764	86.290839
3163	3949.765534	58.984214	-14.237023	3.324624	85.648473
3165	3951.843853	59.281568	-14.262502	3.317732	86.284445
3167	3953.921244	59.039363	-14.143039	3.317473	86.942258
3169	3955.998693	58.737129	-14.158118	3.310002	88.395993
3173	3960.152352	58.081122	-14.069362	3.310382	86.027210
3175	3962.228651	58.662006	-13.888097	3.309952	88.698599
3177	3964.305613	58.828434	-13.948382	3.303902	85.144174
3179	3966.382776	58.239810	-13.851339	3.305008	87.611850
3181	3968.459175	58.370698	-13.695460	3.304842	87.513839
3183	3970.536398	58.061459	-13.641437	3.301903	90.545687
3185	3972.613660	58.435549	-13.723218	3.296069	85.603967
3187	3974.691251	58.017009	-13.543648	3.296550	89.482119
3191	3978.846558	58.028901	-13.547194	3.290741	90.371684
3193	3980.924477	58.072803	-13.416984	3.289792	86.766578
3195	3983.002950	57.692853	-13.446485	3.285303	87.747257
3197	3985.080974	58.293682	-13.451200	3.279460	81.021406
3199	3987.158532	57.994636	-13.137929	3.284570	84.443412
3203	3991.313442	57.761883	-13.027405	3.280866	85.237769
3205	3993.390096	57.358932	-13.009541	3.277577	81.621816
3207	3995.466972	57.186179	-12.948239	3.278119	82.533528
3209	3997.542984	57.636282	-12.795671	3.273027	84.519424
3213	4001.696497	57.332782	-12.715980	3.267357	83.109193
3215	4003.773461	57.166389	-12.635806	3.265711	84.089454
3217	4005.850694	57.232869	-12.521986	3.263911	85.426512
3219	4007.927773	57.463134	-12.570614	3.261245	83.579679
3221	4010.005269	56.717944	-12.419215	3.261764	84.277816
3223	4012.082401	57.371517	-12.337304	3.256298	81.944590
3227	4016.236476	57.091265	-12.283622	3.256833	85.405044
3229	4018.313819	56.688031	-12.163417	3.253295	82.579253
3233	4022.468429	56.590480	-12.114810	3.249996	82.939116
3235	4024.546164	56.888536	-12.067866	3.248340	84.015762
3239	4028.701775	56.493216	-11.777880	3.246764	84.531874
3241	4030.780089	55.853510	-11.865549	3.242530	81.828616
3245	4034.935565	56.848963	-11.792006	3.232162	79.309537
3247	4037.012959	56.053919	-11.693876	3.236837	79.769997
3251	4041.167239	55.712330	-11.519985	3.234178	82.444654
3253	4043.243908	56.203338	-11.476533	3.230074	78.516504
3255	4045.320813	55.777294	-11.312978	3.231642	80.233461
3257	4047.397621	56.058954	-11.302095	3.229185	81.365349
3259	4049.474313	55.520738	-11.157318	3.227108	80.531504
3261	4051.551416	56.127021	-11.212541	3.220674	81.135460
3263	4053.628038	55.892749	-11.043080	3.226171	80.426291
3267	4057.782593	55.780223	-11.119606	3.219550	86.249891
3269	4059.859944	55.809081	-10.903671	3.221466	79.381802
3271	4061.937113	55.519352	-10.851974	3.218474	78.381538
3273	4064.014936	55.077454	-10.843108	3.213738	79.899716
3277	4068.169712	55.771867	-10.750726	3.210846	81.351802
3279	4070.247578	55.023493	-10.673737	3.211120	79.526643
3283	4074.402126	55.029813	-10.648534	3.207277	81.368877
3285	4076.479830	54.694856	-10.476522	3.206184	80.921109
3289	4080.632577	54.846166	-10.277470	3.207928	75.850594
3291	4082.709270	54.182280	-10.459225	3.202776	79.968638
3293	4084.785503	55.653775	-10.201461	3.200231	81.908188
3295	4086.862375	54.433095	-10.225105	3.200386	78.288612
3297	4088.939047	55.064864	-10.114410	3.196375	74.080858
3301	4093.092650	54.991244	-10.056928	3.192304	75.768014
3303	4095.169120	54.522551	-9.933967	3.192113	76.352885
3305	4097.245979	53.401599	-10.282078	3.195142	78.962000
3309	4101.400178	54.058096	-9.772870	3.188163	75.415595
3311	4103.477430	54.783824	-9.539157	3.186470	76.557968
3315	4107.632226	53.987115	-9.476152	3.186082	75.548609
3317	4109.709642	54.313359	-9.448559	3.184294	72.377046
3319	4111.787000	54.033020	-9.432267	3.182642	76.505815
3321	4113.864264	54.349831	-9.264154	3.182763	75.177990
3323	4115.942420	54.235255	-9.167201	3.180566	75.592218
3327	4120.097908	53.643935	-9.106707	3.178257	75.150162
3329	4122.175212	54.817963	-9.045925	3.171820	74.566241
3331	4124.252899	53.353330	-8.973906	3.174969	74.548750
3333	4126.330004	54.237733	-8.869437	3.169899	69.909130
