crossing time (s)	slope (V/s)	crossing number
281474976710655.000000	56.550152	4583	0.000000
281474976710655.000000	37.303825	4584	0.000000
281474976710655.000000	72.467941	4585	0.000000
281474976710655.000000	59.215385	4586	0.000000
281474976710655.000000	46.943645	4587	0.000000
281474976710655.000000	60.240883	4588	0.000000
281474976710655.000000	40.561913	4589	0.000000
281474976710655.000000	57.447948	4590	0.000000
281474976710655.000000	45.868111	4591	0.000000
281474976710655.000000	94.269798	4592	0.000000
281474976710655.000000	57.150249	4593	0.000000
281474976710655.000000	33.570335	4594	0.000000
281474976710655.000000	59.547035	4595	0.000000
281474976710655.000000	42.631359	4596	0.000000
281474976710655.000000	59.529896	4597	0.000000
281474976710655.000000	54.219547	4598	0.000000
281474976710655.000000	42.926834	4599	0.000000
281474976710655.000000	52.185005	4600	0.000000
281474976710655.000000	55.512302	4601	0.000000
281474976710655.000000	44.416267	4602	0.000000
281474976710655.000000	46.378403	4603	0.000000
281474976710655.000000	61.134876	4604	0.000000
281474976710655.000000	49.043098	4605	0.000000
281474976710655.000000	51.282677	4606	0.000000
281474976710655.000000	81.759117	4607	0.000000
281474976710655.000000	54.804592	4608	0.000000
281474976710655.000000	47.741432	4609	0.000000
281474976710655.000000	45.688026	4610	0.000000
281474976710655.000000	34.551804	4611	0.000000
281474976710655.000000	61.397522	4612	0.000000
281474976710655.000000	46.527859	4613	0.000000
281474976710655.000000	53.517918	4614	0.000000
281474976710655.000000	40.583401	4615	0.000000
281474976710655.000000	55.073467	4616	0.000000
281474976710655.000000	40.144161	4617	0.000000
281474976710655.000000	48.829067	4618	0.000000
281474976710655.000000	44.004078	4619	0.000000
281474976710655.000000	55.084454	4620	0.000000
281474976710655.000000	38.073826	4621	0.000000
281474976710655.000000	55.427322	4622	0.000000
281474976710655.000000	51.760124	4623	0.000000
281474976710655.000000	60.783699	4624	0.000000
281474976710655.000000	49.617001	4625	0.000000
281474976710655.000000	48.199390	4626	0.000000
281474976710655.000000	49.442249	4627	0.000000
281474976710655.000000	34.535877	4628	0.000000
281474976710655.000000	35.770584	4629	0.000000
281474976710655.000000	69.780380	4630	0.000000
281474976710655.000000	35.852669	4631	0.000000
281474976710655.000000	40.816139	4632	0.000000
281474976710655.000000	36.933140	4633	0.000000
281474976710655.000000	49.070415	4634	0.000000
281474976710655.000000	41.233803	4635	0.000000
281474976710655.000000	35.737728	4636	0.000000
281474976710655.000000	37.059341	4637	0.000000
281474976710655.000000	47.289356	4638	0.000000
281474976710655.000000	43.300861	4639	0.000000
281474976710655.000000	48.230957	4640	0.000000
281474976710655.000000	48.930435	4641	0.000000
281474976710655.000000	52.694397	4642	0.000000
281474976710655.000000	37.778656	4643	0.000000
281474976710655.000000	47.935802	4644	0.000000
281474976710655.000000	49.867046	4645	0.000000
281474976710655.000000	39.683380	4646	0.000000
281474976710655.000000	55.024677	4647	0.000000
281474976710655.000000	46.249054	4648	0.000000
281474976710655.000000	50.414330	4649	0.000000
281474976710655.000000	37.804550	4650	0.000000
281474976710655.000000	53.477184	4651	0.000000
281474976710655.000000	60.403706	4652	0.000000
281474976710655.000000	46.262829	4653	0.000000
281474976710655.000000	37.488605	4654	0.000000
281474976710655.000000	36.539009	4655	0.000000
281474976710655.000000	49.379364	4656	0.000000
281474976710655.000000	37.578239	4657	0.000000
281474976710655.000000	37.363873	4658	0.000000
281474976710655.000000	48.671566	4659	0.000000
281474976710655.000000	64.385536	4660	0.000000
281474976710655.000000	35.828426	4661	0.000000
281474976710655.000000	40.444592	4662	0.000000
281474976710655.000000	39.249161	4663	0.000000
281474976710655.000000	36.026608	4664	0.000000
281474976710655.000000	31.067905	4665	0.000000
281474976710655.000000	37.768250	4666	0.000000
281474976710655.000000	43.364311	4667	0.000000
281474976710655.000000	34.886982	4668	0.000000
281474976710655.000000	30.747875	4669	0.000000
281474976710655.000000	58.646263	4670	0.000000
281474976710655.000000	43.638168	4671	0.000000
281474976710655.000000	37.102325	4672	0.000000
281474976710655.000000	39.783394	4673	0.000000
281474976710655.000000	37.085945	4674	0.000000
281474976710655.000000	35.661896	4675	0.000000
281474976710655.000000	41.212662	4676	0.000000
281474976710655.000000	42.657097	4677	0.000000
281474976710655.000000	41.103046	4678	0.000000
281474976710655.000000	39.601265	4679	0.000000
281474976710655.000000	35.829590	4680	0.000000
281474976710655.000000	40.860500	4681	0.000000
281474976710655.000000	56.707527	4682	0.000000
281474976710655.000000	33.774380	4683	0.000000
281474976710655.000000	49.025745	4684	0.000000
281474976710655.000000	30.478260	4685	0.000000
281474976710655.000000	45.994255	4686	0.000000
281474976710655.000000	39.110435	4687	0.000000
281474976710655.000000	39.610600	4688	0.000000
281474976710655.000000	28.366932	4689	0.000000
281474976710655.000000	43.642609	4690	0.000000
281474976710655.000000	31.520109	4691	0.000000
281474976710655.000000	35.718864	4692	0.000000
281474976710655.000000	31.266720	4693	0.000000
281474976710655.000000	43.051712	4694	0.000000
281474976710655.000000	28.792496	4695	0.000000
281474976710655.000000	39.939217	4696	0.000000
281474976710655.000000	32.502464	4697	0.000000
281474976710655.000000	32.798389	4698	0.000000
281474976710655.000000	35.301544	4699	0.000000
281474976710655.000000	35.312466	4700	0.000000
281474976710655.000000	28.078754	4701	0.000000
281474976710655.000000	35.794518	4702	0.000000
281474976710655.000000	34.462692	4703	0.000000
281474976710655.000000	38.388847	4704	0.000000
281474976710655.000000	33.765930	4705	0.000000
281474976710655.000000	36.775101	4706	0.000000
281474976710655.000000	27.620375	4707	0.000000
281474976710655.000000	39.008152	4708	0.000000
281474976710655.000000	31.323034	4709	0.000000
281474976710655.000000	33.668194	4710	0.000000
281474976710655.000000	32.709110	4711	0.000000
281474976710655.000000	32.055977	4712	0.000000
281474976710655.000000	32.257973	4713	0.000000
281474976710655.000000	34.518192	4714	0.000000
281474976710655.000000	34.682755	4715	0.000000
281474976710655.000000	42.367718	4716	0.000000
281474976710655.000000	34.825245	4717	0.000000
281474976710655.000000	37.227650	4718	0.000000
281474976710655.000000	28.096815	4719	0.000000
281474976710655.000000	39.645519	4720	0.000000
281474976710655.000000	31.269676	4721	0.000000
281474976710655.000000	34.426491	4722	0.000000
281474976710655.000000	33.301086	4723	0.000000
281474976710655.000000	31.500381	4724	0.000000
281474976710655.000000	28.151224	4725	0.000000
281474976710655.000000	37.702827	4726	0.000000
281474976710655.000000	34.730713	4727	0.000000
281474976710655.000000	33.198582	4728	0.000000
281474976710655.000000	35.347153	4729	0.000000
281474976710655.000000	35.277676	4730	0.000000
281474976710655.000000	32.552059	4731	0.000000
281474976710655.000000	39.904781	4732	0.000000
281474976710655.000000	31.013968	4733	0.000000
281474976710655.000000	33.969028	4734	0.000000
281474976710655.000000	27.529520	4735	0.000000
281474976710655.000000	37.868595	4736	0.000000
281474976710655.000000	24.882109	4737	0.000000
281474976710655.000000	31.994160	4738	0.000000
281474976710655.000000	25.863989	4739	0.000000
281474976710655.000000	31.727987	4740	0.000000
281474976710655.000000	25.926580	4741	0.000000
281474976710655.000000	29.359549	4742	0.000000
281474976710655.000000	24.115044	4743	0.000000
281474976710655.000000	33.948456	4744	0.000000
281474976710655.000000	30.639021	4745	0.000000
281474976710655.000000	29.800394	4746	0.000000
281474976710655.000000	27.305386	4747	0.000000
281474976710655.000000	35.777386	4748	0.000000
281474976710655.000000	30.976522	4749	0.000000
281474976710655.000000	33.580647	4750	0.000000
281474976710655.000000	26.092859	4751	0.000000
281474976710655.000000	33.305920	4752	0.000000
281474976710655.000000	28.012949	4753	0.000000
281474976710655.000000	33.835197	4754	0.000000
281474976710655.000000	27.176346	4755	0.000000
281474976710655.000000	29.790640	4756	0.000000
281474976710655.000000	29.364416	4757	0.000000
281474976710655.000000	30.927639	4758	0.000000
281474976710655.000000	26.921442	4759	0.000000
281474976710655.000000	34.088623	4760	0.000000
281474976710655.000000	28.944927	4761	0.000000
281474976710655.000000	36.589588	4762	0.000000
281474976710655.000000	23.743420	4763	0.000000
281474976710655.000000	30.437305	4764	0.000000
281474976710655.000000	27.963453	4765	0.000000
281474976710655.000000	27.380165	4766	0.000000
281474976710655.000000	27.259920	4767	0.000000
281474976710655.000000	34.109192	4768	0.000000
281474976710655.000000	26.619314	4769	0.000000
281474976710655.000000	28.550108	4770	0.000000
281474976710655.000000	26.791698	4771	0.000000
281474976710655.000000	38.791111	4772	0.000000
281474976710655.000000	22.217417	4773	0.000000
281474976710655.000000	28.392735	4774	0.000000
281474976710655.000000	20.218779	4775	0.000000
281474976710655.000000	36.160591	4776	0.000000
281474976710655.000000	27.638271	4777	0.000000
281474976710655.000000	28.659552	4778	0.000000
281474976710655.000000	26.266092	4779	0.000000
281474976710655.000000	27.434175	4780	0.000000
281474976710655.000000	28.229288	4781	0.000000
281474976710655.000000	30.942167	4782	0.000000
281474976710655.000000	24.728485	4783	0.000000
281474976710655.000000	35.573811	4784	0.000000
281474976710655.000000	25.790928	4785	0.000000
281474976710655.000000	27.980963	4786	0.000000
281474976710655.000000	23.269730	4787	0.000000
281474976710655.000000	29.963018	4788	0.000000
281474976710655.000000	23.609751	4789	0.000000
281474976710655.000000	30.435732	4790	0.000000
281474976710655.000000	24.384941	4791	0.000000
281474976710655.000000	26.953300	4792	0.000000
281474976710655.000000	27.176868	4793	0.000000
281474976710655.000000	28.388126	4794	0.000000
281474976710655.000000	22.774141	4795	0.000000
281474976710655.000000	33.817619	4796	0.000000
281474976710655.000000	25.333673	4797	0.000000
281474976710655.000000	31.762060	4798	0.000000
281474976710655.000000	23.854660	4799	0.000000
281474976710655.000000	24.298346	4800	0.000000
281474976710655.000000	23.642258	4801	0.000000
281474976710655.000000	32.299850	4802	0.000000
281474976710655.000000	23.614721	4803	0.000000
281474976710655.000000	30.407444	4804	0.000000
281474976710655.000000	26.574411	4805	0.000000
281474976710655.000000	31.302677	4806	0.000000
281474976710655.000000	24.432785	4807	0.000000
281474976710655.000000	30.779364	4808	0.000000
281474976710655.000000	25.793343	4809	0.000000
281474976710655.000000	30.744793	4810	0.000000
281474976710655.000000	24.597624	4811	0.000000
281474976710655.000000	31.131496	4812	0.000000
281474976710655.000000	22.421495	4813	0.000000
281474976710655.000000	31.073978	4814	0.000000
281474976710655.000000	24.611551	4815	0.000000
281474976710655.000000	36.453175	4816	0.000000
281474976710655.000000	20.863533	4817	0.000000
281474976710655.000000	28.232496	4818	0.000000
281474976710655.000000	24.335648	4819	0.000000
281474976710655.000000	32.571766	4820	0.000000
281474976710655.000000	23.569475	4821	0.000000
281474976710655.000000	30.908127	4822	0.000000
281474976710655.000000	23.986637	4823	0.000000
281474976710655.000000	29.678345	4824	0.000000
281474976710655.000000	23.953793	4825	0.000000
281474976710655.000000	29.767014	4826	0.000000
281474976710655.000000	20.729004	4827	0.000000
281474976710655.000000	29.925341	4828	0.000000
281474976710655.000000	23.034546	4829	0.000000
281474976710655.000000	28.001909	4830	0.000000
281474976710655.000000	23.992144	4831	0.000000
281474976710655.000000	27.097498	4832	0.000000
281474976710655.000000	22.123926	4833	0.000000
281474976710655.000000	31.454369	4834	0.000000
281474976710655.000000	24.590664	4835	0.000000
281474976710655.000000	24.849174	4836	0.000000
281474976710655.000000	21.830755	4837	0.000000
281474976710655.000000	30.803185	4838	0.000000
281474976710655.000000	23.771847	4839	0.000000
281474976710655.000000	31.590963	4840	0.000000
281474976710655.000000	22.384060	4841	0.000000
281474976710655.000000	32.105766	4842	0.000000
281474976710655.000000	23.641706	4843	0.000000
281474976710655.000000	26.519728	4844	0.000000
281474976710655.000000	23.448881	4845	0.000000
281474976710655.000000	32.305016	4846	0.000000
281474976710655.000000	22.206272	4847	0.000000
281474976710655.000000	27.432129	4848	0.000000
281474976710655.000000	23.046028	4849	0.000000
281474976710655.000000	29.154346	4850	0.000000
281474976710655.000000	22.784285	4851	0.000000
281474976710655.000000	27.209192	4852	0.000000
281474976710655.000000	24.091928	4853	0.000000
281474976710655.000000	25.711075	4854	0.000000
281474976710655.000000	22.633982	4855	0.000000
281474976710655.000000	25.686043	4856	0.000000
281474976710655.000000	20.840342	4857	0.000000
281474976710655.000000	34.262367	4858	0.000000
281474976710655.000000	21.694027	4859	0.000000
281474976710655.000000	30.032726	4860	0.000000
281474976710655.000000	19.786053	4861	0.000000
281474976710655.000000	26.698421	4862	0.000000
281474976710655.000000	19.645901	4863	0.000000
281474976710655.000000	30.801371	4864	0.000000
281474976710655.000000	21.878233	4865	0.000000
281474976710655.000000	28.591908	4866	0.000000
281474976710655.000000	21.544151	4867	0.000000
281474976710655.000000	30.346090	4868	0.000000
281474976710655.000000	23.900660	4869	0.000000
281474976710655.000000	27.857754	4870	0.000000
281474976710655.000000	24.000519	4871	0.000000
281474976710655.000000	28.436872	4872	0.000000
281474976710655.000000	21.481977	4873	0.000000
281474976710655.000000	29.213213	4874	0.000000
281474976710655.000000	24.974276	4875	0.000000
281474976710655.000000	30.672436	4876	0.000000
281474976710655.000000	23.972790	4877	0.000000
281474976710655.000000	24.715546	4878	0.000000
281474976710655.000000	21.620886	4879	0.000000
281474976710655.000000	29.947613	4880	0.000000
281474976710655.000000	20.587723	4881	0.000000
281474976710655.000000	27.752489	4882	0.000000
281474976710655.000000	20.924231	4883	0.000000
281474976710655.000000	28.005838	4884	0.000000
281474976710655.000000	22.038374	4885	0.000000
281474976710655.000000	22.328819	4886	0.000000
281474976710655.000000	20.725290	4887	0.000000
281474976710655.000000	31.532141	4888	0.000000
281474976710655.000000	22.251944	4889	0.000000
